/*--------------------------------*- C++ -*----------------------------------*\
| =========                 |                                                 |
| \\      /  F ield         | OpenFOAM: The Open Source CFD Toolbox           |
|  \\    /   O peration     | Version:  v1812                                 |
|   \\  /    A nd           | Web:      www.OpenFOAM.com                      |
|    \\/     M anipulation  |                                                 |
\*---------------------------------------------------------------------------*/
FoamFile
{
    version     2.0;
    format      ascii;
    class       surfaceScalarField;
    location    "18.55";
    object      phi;
}
// * * * * * * * * * * * * * * * * * * * * * * * * * * * * * * * * * * * * * //

dimensions      [0 3 -1 0 0 0 0];
oriented        oriented;


internalField   nonuniform List<scalar> 
1890
(
0.0093061958
0.00069380425
0.0082843931
0.0010218027
0.0073298986
0.00095449446
0.0064869553
0.00084294331
0.0057695845
0.00071737078
0.00518986
0.00057972443
0.004738168
0.00045169205
0.00439519
0.00034297802
0.0041390268
0.00025616318
0.003949107
0.00018991983
0.003807888
0.00014121897
0.0037013782
0.0001065098
0.003619058
8.2320219e-05
0.0035534117
6.5646243e-05
0.0034992845
5.4127248e-05
0.0034532444
4.6040037e-05
0.0034130502
4.0194282e-05
0.0033772574
3.5792748e-05
0.0033449386
3.2318757e-05
0.0033154894
2.9449282e-05
0.0032885008
2.6988583e-05
0.0032636805
2.4820307e-05
0.003240805
2.2875484e-05
0.0032196926
2.1112417e-05
0.0032001879
1.9504651e-05
0.0031821539
1.8034006e-05
0.0031654672
1.6686718e-05
0.0031500158
1.5451355e-05
0.0031356979
1.4317859e-05
0.0031224209
1.3277069e-05
0.0031101003
1.2320594e-05
0.0030986596
1.1440725e-05
0.0030880292
1.0630439e-05
0.0030781458
9.8833688e-06
0.003068952
9.1937713e-06
0.0030603955
8.5564919e-06
0.0030524286
7.9669101e-06
0.0030450077
7.4208938e-06
0.0030380929
6.9147396e-06
0.0030316478
6.4451185e-06
0.0030256388
6.0090532e-06
0.0030200349
5.6038453e-06
0.0030148079
5.2270747e-06
0.0030099313
4.8765406e-06
0.0030053811
4.5502515e-06
0.0030011347
4.2464031e-06
0.0029971713
3.9633375e-06
0.0029934717
3.6995586e-06
0.002990018
3.4536792e-06
0.0029867936
3.2244204e-06
0.002983783
3.0106192e-06
0.0029809718
2.8111766e-06
0.0029783468
2.6250952e-06
0.0029758953
2.4514447e-06
0.002973606
2.2893596e-06
0.0029714679
2.1380633e-06
0.0029694711
1.9968113e-06
0.0029676061
1.8649548e-06
0.0029658642
1.7418594e-06
0.0029642372
1.6269404e-06
0.0029627176
1.5196528e-06
0.0029612982
1.4194678e-06
0.0029599723
1.3259073e-06
0.0029587338
1.238512e-06
0.002957577
1.156862e-06
0.0029564964
1.0805847e-06
0.002955487
1.0093247e-06
0.0029545442
9.4276786e-07
0.0029536635
8.8063398e-07
0.0029528409
8.2261816e-07
0.0029520724
7.6846678e-07
0.0029513546
7.1789783e-07
0.002950684
6.7064931e-07
0.0029500575
6.2648554e-07
0.0029494724
5.8519218e-07
0.0029489258
5.4658018e-07
0.0029484152
5.1051221e-07
0.0029479383
4.7681346e-07
0.0029474929
4.4539872e-07
0.0029470768
4.1607735e-07
0.002946688
3.8875233e-07
0.0029463249
3.6320939e-07
0.0029459856
3.3935614e-07
0.0029456687
3.1698365e-07
0.0029453726
2.9608172e-07
0.0029450962
2.7642289e-07
0.0029448379
2.5821294e-07
0.0029445967
2.4105814e-07
0.0029443712
2.2532769e-07
0.0029441609
2.1041263e-07
0.0029439642
1.9684707e-07
0.0029437803
1.8377471e-07
0.0029436083
1.7211558e-07
0.002943448
1.6037814e-07
0.0029432978
1.5018633e-07
0.0029431574
1.4029358e-07
0.0029430254
1.3210956e-07
0.0029429003
1.2511257e-07
0.0029427808
1.1941374e-07
1.257725e-07
0.010339525
0.00035427931
0.010570754
0.00079057333
0.010606301
0.00091894817
0.010547572
0.00090167133
0.010422317
0.0008426262
0.010244356
0.00075768557
0.010039421
0.00065662743
0.0098287427
0.00055365586
0.009625135
0.00045977083
0.0094353013
0.00037975353
0.0092624277
0.00031409258
0.0091075333
0.00026140425
0.008970154
0.00021969948
0.0088489024
0.00018689785
0.0087419716
0.00016105801
0.0086474927
0.00014051893
0.008563694
0.00012399295
0.0084890108
0.00011047599
0.0084221097
9.9219866e-05
0.0083618776
8.9681404e-05
0.0083073955
8.1470669e-05
0.0082579079
7.4307848e-05
0.0082127929
6.7990494e-05
0.0081715354
6.2369982e-05
0.008133705
5.7335004e-05
0.0080989388
5.2800173e-05
0.0080669273
4.8698255e-05
0.0080374037
4.4974949e-05
0.0080101362
4.1585385e-05
0.0079849214
3.8491845e-05
0.0079615798
3.5662154e-05
0.0079399519
3.3068612e-05
0.0079198952
3.0687172e-05
0.0079012817
2.8496847e-05
0.0078839962
2.6479237e-05
0.0078679346
2.4618136e-05
0.0078530023
2.2899235e-05
0.0078391133
2.1309839e-05
0.0078261894
1.9838657e-05
0.0078141589
1.8475609e-05
0.0078029563
1.7211665e-05
0.0077925214
1.6038725e-05
0.007782799
1.4949477e-05
0.0077737382
1.3937335e-05
0.0077652921
1.2996317e-05
0.0077574175
1.2120997e-05
0.0077500744
1.1306447e-05
0.0077432258
1.0548144e-05
0.0077368375
9.841969e-06
0.0077308778
9.1841337e-06
0.0077253173
8.5711464e-06
0.0077201287
7.9998157e-06
0.0077152866
7.4671686e-06
0.0077107676
6.9704866e-06
0.0077065497
6.507251e-06
0.0077026126
6.075135e-06
0.0076989373
5.6720138e-06
0.0076955064
5.2958963e-06
0.0076923033
4.9449561e-06
0.0076893128
4.6174703e-06
0.0076865206
4.3118348e-06
0.0076839136
4.026569e-06
0.0076814792
3.7602645e-06
0.0076792061
3.5116433e-06
0.0076770834
3.2795043e-06
0.0076751012
3.0627424e-06
0.0076732501
2.8603532e-06
0.0076715215
2.6713906e-06
0.0076699072
2.4949734e-06
0.0076683996
2.3302864e-06
0.0076669915
2.1765246e-06
0.0076656765
2.0329398e-06
0.0076644483
1.8988376e-06
0.0076633013
1.7735439e-06
0.0076622299
1.6564954e-06
0.0076612293
1.5471332e-06
0.0076602948
1.4450074e-06
0.007659422
1.3496371e-06
0.0076586067
1.2606471e-06
0.0076578453
1.177547e-06
0.0076571341
1.1000357e-06
0.0076564698
1.0275326e-06
0.0076558492
9.5989807e-07
0.0076552697
8.9649786e-07
0.0076547283
8.3743474e-07
0.0076542228
7.8189374e-07
0.0076537505
7.3046614e-07
0.0076533094
6.8214286e-07
0.0076528972
6.3760885e-07
0.0076525127
5.9496905e-07
0.0076521528
5.567073e-07
0.0076518171
5.1953221e-07
0.0076515027
4.8640167e-07
0.0076512105
4.5245297e-07
0.0076509355
4.2510442e-07
0.0076506807
3.9525981e-07
0.0076504386
3.7432876e-07
0.0076502165
3.4710056e-07
0.0076499999
3.3607267e-07
3.1077329e-07
0.010188704
0.00016557515
0.010530487
0.00044879097
0.010851453
0.00059798174
0.011124174
0.00062895021
0.011350581
0.00061621883
0.011524486
0.00058378053
0.01164633
0.00053478419
0.011724155
0.00047583049
0.011767999
0.00041592665
0.011786639
0.00036111399
0.011787114
0.0003136171
0.011775058
0.00027346024
0.011754861
0.00023989717
0.011729768
0.00021199029
0.011702054
0.00018877259
0.011673239
0.00016933387
0.011644339
0.00015289295
0.011616003
0.00013881182
0.011588629
0.00012659378
0.011562446
0.00011586444
0.011537572
0.00010634493
0.011514052
9.7826991e-05
0.01149189
9.0153353e-05
0.011471056
8.3203355e-05
0.011451509
7.68826e-05
0.011433193
7.111555e-05
0.011416051
6.5840285e-05
0.011400021
6.10049e-05
0.011385042
5.6565063e-05
0.011371051
5.248233e-05
0.01135799
4.8723023e-05
0.011345801
4.5257384e-05
0.01133443
4.2058991e-05
0.011323822
3.9104268e-05
0.011313929
3.6372112e-05
0.011304704
3.3843594e-05
0.011296101
3.1501679e-05
0.01128808
2.9331006e-05
0.011280601
2.7317693e-05
0.011273628
2.5449174e-05
0.011267125
2.3714052e-05
0.011261062
2.2101955e-05
0.011255408
2.0603458e-05
0.011250135
1.9209946e-05
0.011245218
1.791356e-05
0.011240632
1.6707103e-05
0.011236354
1.558397e-05
0.011232365
1.4538106e-05
0.011228643
1.3563926e-05
0.01122517
1.2656297e-05
0.011221931
1.1810489e-05
0.011218909
1.1022113e-05
0.011216089
1.0287141e-05
0.011213457
9.6018279e-06
0.011211002
8.9627199e-06
0.01120871
8.3666301e-06
0.011206572
7.8105964e-06
0.011204576
7.2918832e-06
0.011202713
6.8079243e-06
0.011200974
6.3563504e-06
0.011199351
5.9349607e-06
0.011197836
5.5416807e-06
0.011196422
5.1746183e-06
0.011195101
4.831984e-06
0.011193868
4.5121437e-06
0.011192718
4.2135663e-06
0.011191643
3.9348338e-06
0.01119064
3.6746276e-06
0.011189703
3.4317195e-06
0.011188829
3.2049285e-06
0.011188012
2.9931955e-06
0.011187249
2.7954691e-06
0.011186537
2.6108256e-06
0.011185873
2.4383733e-06
0.011185252
2.2773352e-06
0.011184672
2.126925e-06
0.01118413
1.9865116e-06
0.011183625
1.8553671e-06
0.011183152
1.7329913e-06
0.011182711
1.6186416e-06
0.011182299
1.5119375e-06
0.011181915
1.4121205e-06
0.011181556
1.3190657e-06
0.01118122
1.2318434e-06
0.011180907
1.1506882e-06
0.011180614
1.0745096e-06
0.011180341
1.0041054e-06
0.011180086
9.3726917e-07
0.011179847
8.7618593e-07
0.011179625
8.1775057e-07
0.011179416
7.6533292e-07
0.011179222
7.1275011e-07
0.01117904
6.6809395e-07
0.011178872
6.210355e-07
0.011178712
5.8531359e-07
0.011178566
5.4112841e-07
0.011178425
5.151635e-07
0.0111783
4.7225566e-07
0.011178177
4.5904754e-07
4.1608542e-07
0.010097182
6.8393549e-05
0.010346961
0.0001990111
0.010662469
0.00028247385
0.010982753
0.00030866646
0.011290229
0.00030874339
0.011575251
0.00029875786
0.011829022
0.00028101344
0.012047865
0.00025698754
0.012233272
0.00023051981
0.01238924
0.00020514589
0.012520295
0.00018256234
0.012630755
0.00016299955
0.012724428
0.00014622489
0.012804515
0.0001319031
0.012873613
0.00011967425
0.012933772
0.0001091746
0.012986596
0.00010006906
0.013033332
9.2076358e-05
0.01307495
8.4975243e-05
0.013112216
7.8598601e-05
0.013145739
7.2822289e-05
0.013176012
6.7553927e-05
0.013203441
6.2723913e-05
0.013228366
5.8278883e-05
0.013251071
5.4176976e-05
0.013271802
5.038442e-05
0.01329077
4.6873154e-05
0.013308155
4.3619171e-05
0.013324119
4.0601452e-05
0.0133388
3.7801273e-05
0.013352321
3.5201746e-05
0.013364791
3.2787526e-05
0.013376306
3.0544589e-05
0.01338695
2.8460085e-05
0.0133968
2.6522215e-05
0.013405923
2.4720126e-05
0.013414381
2.3043831e-05
0.013422228
2.148413e-05
0.013429513
2.0032548e-05
0.013436281
1.8681263e-05
0.013442572
1.7423059e-05
0.013448423
1.6251279e-05
0.013453866
1.5159763e-05
0.013458933
1.4142828e-05
0.013463652
1.3195216e-05
0.013468047
1.2312061e-05
0.013472142
1.1488859e-05
0.013475959
1.0721428e-05
0.013479517
1.0005901e-05
0.013482834
9.3386827e-06
0.013485928
8.7164349e-06
0.013488814
8.136071e-06
0.013491507
7.5947045e-06
0.013494019
7.0896742e-06
0.013496363
6.6185047e-06
0.013498551
6.1788947e-06
0.013500593
5.768702e-06
0.013502499
5.3859253e-06
0.013504278
5.0287122e-06
0.013505939
4.6953323e-06
0.01350749
4.384168e-06
0.013508938
4.0937326e-06
0.01351029
3.8226191e-06
0.013511552
3.5695391e-06
0.013512731
3.3332837e-06
0.013513832
3.1127316e-06
0.01351486
2.9068381e-06
0.01351582
2.7146154e-06
0.013516716
2.5351534e-06
0.013517554
2.3675947e-06
0.013518336
2.2111245e-06
0.013519066
2.065007e-06
0.013519748
1.9285646e-06
0.013520386
1.8011409e-06
0.013520981
1.682183e-06
0.013521537
1.5710906e-06
0.013522056
1.4673897e-06
0.013522541
1.3705217e-06
0.013522994
1.2801101e-06
0.013523417
1.1955952e-06
0.013523812
1.1167317e-06
0.013524181
1.0429337e-06
0.013524526
9.7418066e-07
0.013524848
9.0971879e-07
0.013525148
8.4991741e-07
0.01352543
7.9365752e-07
0.013525692
7.4160376e-07
0.013525937
6.9216477e-07
0.013526166
6.4740054e-07
0.01352638
6.0397976e-07
0.01352658
5.6508505e-07
0.013526766
5.2579867e-07
0.013526941
4.9375277e-07
0.013527104
4.5847012e-07
0.013527257
4.3261516e-07
0.013527398
3.9885903e-07
0.013527533
3.807734e-07
0.013527659
3.4708101e-07
0.013527779
3.3803903e-07
3.0565248e-07
0.010068394
-5.0928571e-12
0.010267405
-1.3178981e-11
0.010549879
-1.4264054e-11
0.010858545
-1.2288785e-11
0.011167288
-9.631491e-12
0.011466046
-9.6035182e-12
0.01174706
-1.0395084e-11
0.012004047
-1.1930013e-11
0.012234567
-1.348582e-11
0.012439713
-1.530105e-11
0.012622275
-1.5724906e-11
0.012785275
-1.4436932e-11
0.0129315
-1.321164e-11
0.013063403
-1.1979261e-11
0.013183077
-1.1196057e-11
0.013292252
-1.0637946e-11
0.013392321
-9.4783888e-12
0.013484397
-8.4774018e-12
0.013569373
-8.1071845e-12
0.013647971
-9.4670198e-12
0.013720793
-1.1496509e-11
0.013788347
-1.2229601e-11
0.013851071
-1.0527007e-11
0.01390935
-1.1252491e-11
0.013963527
-1.2610112e-11
0.014013912
-1.1468055e-11
0.014060785
-9.6450364e-12
0.014104404
-7.8977549e-12
0.014145005
-5.9773109e-12
0.014182807
-6.4314498e-12
0.014218009
-6.5362042e-12
0.014250796
-7.1901497e-12
0.014281341
-7.4597476e-12
0.014309801
-8.7282169e-12
0.014336323
-1.1308233e-11
0.014361043
-1.3359957e-11
0.014384087
-1.2719879e-11
0.014405571
-1.0381176e-11
0.014425604
-6.5012445e-12
0.014444285
-1.0001504e-12
0.014461708
3.0461185e-12
0.014477959
2.9445412e-12
0.014493119
4.1305546e-13
0.014507262
-7.1886416e-12
0.014520457
-1.3733995e-11
0.014532769
-1.7376727e-11
0.014544258
-1.8176904e-11
0.014554979
-1.5052957e-11
0.014564985
-7.6259045e-12
0.014574324
3.5787713e-12
0.014583041
1.1603808e-11
0.014591177
9.6090993e-12
0.014598771
4.1412716e-12
0.014605861
-3.1686312e-12
0.014612479
-1.1557359e-11
0.014618658
-1.2304526e-11
0.014624427
-4.726034e-12
0.014629813
5.0642998e-12
0.014634842
1.7846333e-11
0.014639537
2.4305727e-11
0.014643921
2.2912904e-11
0.014648015
1.4416048e-11
0.014651837
4.6554377e-12
0.014655407
-7.2431567e-12
0.01465874
-1.6217498e-11
0.014661853
-1.4398181e-11
0.01466476
-6.0481534e-12
0.014667475
9.0529715e-12
0.01467001
2.8837067e-11
0.014672377
3.9279424e-11
0.014674588
3.7819861e-11
0.014676653
1.8016562e-11
0.014678582
-6.4847193e-12
0.014680383
-3.169657e-11
0.014682065
-4.540253e-11
0.014683637
-3.032787e-11
0.014685103
-4.3410955e-12
0.014686474
2.8924472e-11
0.014687755
5.5164515e-11
0.01468895
5.4246001e-11
0.014690066
2.7389646e-11
0.014691109
-5.1548851e-12
0.014692085
-3.8026174e-11
0.014692993
-4.8464251e-11
0.014693842
-2.6289331e-11
0.014694637
-1.3192303e-11
0.01469538
8.0537593e-12
0.014696071
6.3765302e-11
0.014696717
1.1186169e-10
0.014697322
4.3180925e-11
0.014697888
-3.3391292e-11
0.014698413
-6.8916709e-11
0.014698906
-1.1870073e-10
0.014699366
-4.0580149e-12
0.014699799
1.6124067e-10
0.014700196
1.0259847e-10
0.014700577
-7.31616e-11
0.014700925
-1.1129509e-10
0.014701263
-4.7741955e-11
-4.6653277e-11
0.010068394
-6.8393558e-05
0.010267405
-0.00019901113
0.010549879
-0.00028247388
0.010858545
-0.00030866649
0.011167288
-0.00030874342
0.011466046
-0.00029875789
0.01174706
-0.00028101346
0.012004047
-0.00025698756
0.012234567
-0.00023051983
0.012439713
-0.00020514591
0.012622275
-0.00018256236
0.012785275
-0.00016299958
0.0129315
-0.00014622491
0.013063403
-0.00013190313
0.013183077
-0.00011967427
0.013292252
-0.00010917462
0.013392321
-0.00010006908
0.013484397
-9.2076368e-05
0.013569373
-8.4975254e-05
0.013647971
-7.8598618e-05
0.013720793
-7.282231e-05
0.013788347
-6.7553944e-05
0.013851071
-6.2723931e-05
0.01390935
-5.8278905e-05
0.013963527
-5.4176997e-05
0.014013912
-5.0384442e-05
0.014060785
-4.6873172e-05
0.014104404
-4.3619184e-05
0.014145005
-4.0601463e-05
0.014182807
-3.7801283e-05
0.014218008
-3.520176e-05
0.014250796
-3.2787539e-05
0.014281341
-3.0544602e-05
0.014309801
-2.8460102e-05
0.014336323
-2.6522234e-05
0.014361043
-2.4720147e-05
0.014384087
-2.3043853e-05
0.014405571
-2.1484151e-05
0.014425604
-2.0032559e-05
0.014444285
-1.8681263e-05
0.014461708
-1.7423056e-05
0.014477959
-1.6251272e-05
0.014493119
-1.5159762e-05
0.014507262
-1.4142839e-05
0.014520457
-1.3195241e-05
0.014532769
-1.2312096e-05
0.014544258
-1.1488893e-05
0.014554979
-1.0721456e-05
0.014564985
-1.0005911e-05
0.014574324
-9.3386758e-06
0.01458304
-8.7164234e-06
0.014591177
-8.1360548e-06
0.014598771
-7.5946969e-06
0.014605861
-7.089678e-06
0.014612479
-6.6185149e-06
0.014618658
-6.1789039e-06
0.014624427
-5.7687019e-06
0.014629813
-5.3859188e-06
0.014634842
-5.0286934e-06
0.014639537
-4.6952972e-06
0.014643921
-4.384136e-06
0.014648015
-4.093706e-06
0.014651837
-3.822609e-06
0.014655407
-3.5695437e-06
0.01465874
-3.3333051e-06
0.014661853
-3.112756e-06
0.01466476
-2.9068458e-06
0.014667475
-2.714603e-06
0.01467001
-2.535119e-06
0.014672377
-2.3675345e-06
0.014674588
-2.2110796e-06
0.014676654
-2.0649848e-06
0.014678582
-1.9285759e-06
0.014680383
-1.8011865e-06
0.014682065
-1.6822313e-06
0.014683637
-1.5711188e-06
0.014685103
-1.4673829e-06
0.014686474
-1.3704846e-06
0.014687755
-1.2800571e-06
0.01468895
-1.1955367e-06
0.014690066
-1.1167041e-06
0.014691109
-1.042954e-06
0.014692085
-9.7421635e-07
0.014692994
-9.0976463e-07
0.014693842
-8.4995531e-07
0.014694637
-7.9367094e-07
0.01469538
-7.4159132e-07
0.014696071
-6.9211091e-07
0.014696717
-6.4728204e-07
0.014697322
-6.0383214e-07
0.014697888
-5.6523397e-07
0.014698413
-5.2607598e-07
0.014698906
-4.9360233e-07
0.014699366
-4.5820971e-07
0.014699799
-4.3274593e-07
0.014700196
-3.9910419e-07
0.014700577
-3.8083817e-07
0.014700925
-3.4703124e-07
0.014701263
-3.3801444e-07
-3.0570334e-07
0.010097182
-0.00016557515
0.010346961
-0.000448791
0.010662469
-0.00059798177
0.010982753
-0.00062895025
0.011290229
-0.00061621886
0.011575251
-0.00058378055
0.011829022
-0.0005347842
0.012047865
-0.0004758305
0.012233272
-0.00041592666
0.01238924
-0.000361114
0.012520295
-0.00031361712
0.012630755
-0.00027346026
0.012724428
-0.00023989719
0.012804515
-0.00021199031
0.012873613
-0.00018877261
0.012933772
-0.00016933388
0.012986596
-0.00015289296
0.013033332
-0.00013881183
0.01307495
-0.00012659379
0.013112216
-0.00011586445
0.013145739
-0.00010634494
0.013176012
-9.7827004e-05
0.013203441
-9.0153367e-05
0.013228366
-8.3203372e-05
0.013251071
-7.688262e-05
0.013271802
-7.1115567e-05
0.01329077
-6.5840297e-05
0.013308155
-6.100491e-05
0.013324119
-5.6565071e-05
0.0133388
-5.248234e-05
0.013352321
-4.8723028e-05
0.013364791
-4.5257391e-05
0.013376305
-4.2058999e-05
0.01338695
-3.9104277e-05
0.0133968
-3.6372128e-05
0.013405923
-3.3843616e-05
0.013414381
-3.1501701e-05
0.013422228
-2.9331021e-05
0.013429513
-2.7317701e-05
0.013436281
-2.5449175e-05
0.013442572
-2.3714042e-05
0.013448422
-2.2101949e-05
0.013453866
-2.0603458e-05
0.013458933
-1.9209958e-05
0.013463652
-1.7913582e-05
0.013468047
-1.6707129e-05
0.013472142
-1.5583997e-05
0.013475958
-1.4538122e-05
0.013479516
-1.3563934e-05
0.013482834
-1.2656299e-05
0.013485928
-1.1810476e-05
0.013488814
-1.1022099e-05
0.013491507
-1.0287125e-05
0.013494019
-9.6018168e-06
0.013496363
-8.9627193e-06
0.013498551
-8.366639e-06
0.013500593
-7.8106148e-06
0.013502499
-7.2918895e-06
0.013504278
-6.8079198e-06
0.013505939
-6.3563372e-06
0.01350749
-5.9349293e-06
0.013508938
-5.5416496e-06
0.01351029
-5.1745934e-06
0.013511552
-4.8319795e-06
0.013512731
-4.5121504e-06
0.013513832
-4.2135808e-06
0.01351486
-3.9348545e-06
0.01351582
-3.6746378e-06
0.013516716
-3.4317115e-06
0.013517554
-3.2049158e-06
0.013518336
-2.9931639e-06
0.013519066
-2.7954408e-06
0.013519748
-2.6108113e-06
0.013520386
-2.4383734e-06
0.013520981
-2.2773498e-06
0.013521537
-2.1269534e-06
0.013522056
-1.9865448e-06
0.013522541
-1.8553883e-06
0.013522994
-1.732983e-06
0.013523417
-1.6186091e-06
0.013523812
-1.5118959e-06
0.013524181
-1.4120826e-06
0.013524526
-1.3190456e-06
0.013524848
-1.2318502e-06
0.013525148
-1.1507706e-06
0.01352543
-1.0745717e-06
0.013525693
-1.0040535e-06
0.013525937
-9.3723791e-07
0.013526166
-8.7630693e-07
0.01352638
-8.1778368e-07
0.01352658
-7.6501214e-07
0.013526766
-7.1250823e-07
0.013526941
-6.6836758e-07
0.013527104
-6.213515e-07
0.013527257
-5.8525634e-07
0.013527398
-5.4103505e-07
0.013527533
-5.1517538e-07
0.013527658
-4.7222114e-07
0.013527779
-4.590029e-07
-4.1607036e-07
0.010188704
-0.00035427932
0.010530487
-0.00079057335
0.010851453
-0.0009189482
0.011124174
-0.00090167137
0.011350581
-0.00084262623
0.011524486
-0.00075768559
0.01164633
-0.00065662744
0.011724155
-0.00055365586
0.011767999
-0.00045977083
0.011786639
-0.00037975354
0.011787114
-0.00031409259
0.011775058
-0.00026140427
0.011754861
-0.00021969949
0.011729768
-0.00018689787
0.011702054
-0.00016105802
0.011673239
-0.00014051894
0.011644339
-0.00012399295
0.011616003
-0.00011047599
0.011588629
-9.9219868e-05
0.011562446
-8.9681405e-05
0.011537572
-8.1470672e-05
0.011514052
-7.4307851e-05
0.011491889
-6.7990501e-05
0.011471056
-6.2369993e-05
0.011451509
-5.7335017e-05
0.011433193
-5.2800185e-05
0.011416051
-4.8698266e-05
0.011400021
-4.4974955e-05
0.011385041
-4.1585392e-05
0.011371051
-3.8491849e-05
0.01135799
-3.5662157e-05
0.011345801
-3.3068613e-05
0.01133443
-3.0687173e-05
0.011323822
-2.8496852e-05
0.011313929
-2.6479245e-05
0.011304704
-2.4618151e-05
0.011296101
-2.2899252e-05
0.01128808
-2.1309854e-05
0.011280601
-1.9838667e-05
0.011273628
-1.8475611e-05
0.011267125
-1.7211663e-05
0.011261062
-1.6038717e-05
0.011255408
-1.4949474e-05
0.011250135
-1.3937335e-05
0.011245218
-1.2996324e-05
0.011240632
-1.2121013e-05
0.011236354
-1.1306461e-05
0.011232364
-1.0548159e-05
0.011228642
-9.84198e-06
0.01122517
-9.1841372e-06
0.011221931
-8.571147e-06
0.011218909
-7.9998023e-06
0.011216089
-7.46715e-06
0.011213457
-6.9704644e-06
0.011211002
-6.5072338e-06
0.01120871
-6.0751374e-06
0.011206572
-5.6720282e-06
0.011204576
-5.2959218e-06
0.011202713
-4.9449762e-06
0.011200974
-4.6174776e-06
0.011199351
-4.3118288e-06
0.011197836
-4.0265407e-06
0.011196421
-3.7602319e-06
0.011195101
-3.5116119e-06
0.011193868
-3.2794857e-06
0.011192718
-3.0627459e-06
0.011191643
-2.860375e-06
0.01119064
-2.6714248e-06
0.011189703
-2.4950135e-06
0.011188829
-2.3303064e-06
0.011188012
-2.1765235e-06
0.011187249
-2.0329102e-06
0.011186537
-1.8987883e-06
0.011185873
-1.7734976e-06
0.011185252
-1.6564705e-06
0.011184672
-1.5471431e-06
0.01118413
-1.4450595e-06
0.011183625
-1.3497067e-06
0.011183152
-1.2607103e-06
0.011182711
-1.1775669e-06
0.011182299
-1.1000027e-06
0.011181915
-1.0274649e-06
0.011181556
-9.5981067e-07
0.01118122
-8.9644304e-07
0.011180907
-8.3743794e-07
0.011180614
-7.8196365e-07
0.011180341
-7.3056015e-07
0.011180086
-6.8219822e-07
0.011179847
-6.3766903e-07
0.011179624
-5.9502645e-07
0.011179416
-5.565362e-07
0.011179222
-5.1916364e-07
0.01117904
-4.8630403e-07
0.011178872
-4.5279989e-07
0.011178712
-4.2541989e-07
0.011178566
-3.9518138e-07
0.011178425
-3.7415246e-07
0.0111783
-3.4705031e-07
0.011178177
-3.3599184e-07
-3.1069957e-07
0.010339525
-0.00069380425
0.010570754
-0.0010218027
0.010606301
-0.00095449448
0.010547572
-0.00084294333
0.010422317
-0.0007173708
0.010244356
-0.00057972444
0.010039421
-0.00045169205
0.0098287427
-0.00034297801
0.009625135
-0.00025616318
0.0094353013
-0.00018991983
0.0092624277
-0.00014121897
0.0091075332
-0.0001065098
0.008970154
-8.2320226e-05
0.0088489023
-6.5646249e-05
0.0087419716
-5.4127255e-05
0.0086474927
-4.6040044e-05
0.008563694
-4.0194286e-05
0.0084890108
-3.5792751e-05
0.0084221096
-3.2318757e-05
0.0083618775
-2.9449283e-05
0.0083073954
-2.698858e-05
0.0082579079
-2.4820304e-05
0.0082127929
-2.2875483e-05
0.0081715353
-2.1112419e-05
0.0081337049
-1.9504656e-05
0.0080989388
-1.8034017e-05
0.0080669272
-1.6686727e-05
0.0080374036
-1.5451365e-05
0.0080101361
-1.4317864e-05
0.0079849213
-1.3277073e-05
0.0079615798
-1.2320592e-05
0.0079399519
-1.144072e-05
0.0079198951
-1.0630433e-05
0.0079012816
-9.8833645e-06
0.0078839962
-9.193772e-06
0.0078679345
-8.5564988e-06
0.0078530022
-7.9669234e-06
0.0078391132
-7.4209091e-06
0.0078261893
-6.9147515e-06
0.0078141588
-6.4451276e-06
0.0078029562
-6.0090526e-06
0.0077925214
-5.6038395e-06
0.0077827989
-5.227063e-06
0.0077737381
-4.8765287e-06
0.0077652921
-4.5502456e-06
0.0077574175
-4.2464028e-06
0.0077500743
-3.9633486e-06
0.0077432258
-3.699574e-06
0.0077368375
-3.4536951e-06
0.0077308778
-3.2244367e-06
0.0077253172
-3.0106231e-06
0.0077201286
-2.8111701e-06
0.0077152865
-2.6250764e-06
0.0077107675
-2.4514164e-06
0.0077065496
-2.289337e-06
0.0077026125
-2.1380502e-06
0.0076989373
-1.9968241e-06
0.0076955064
-1.8649807e-06
0.0076923033
-1.7418919e-06
0.0076893128
-1.6269694e-06
0.0076865206
-1.5196621e-06
0.0076839135
-1.4194566e-06
0.0076814792
-1.3258747e-06
0.007679206
-1.2384687e-06
0.0076770834
-1.1568261e-06
0.0076751012
-1.0805667e-06
0.0076732502
-1.0093383e-06
0.0076715216
-9.4281324e-07
0.0076699072
-8.806877e-07
0.0076683996
-8.2266991e-07
0.0076669915
-7.6848718e-07
0.0076656765
-7.1787621e-07
0.0076644483
-6.7059678e-07
0.0076633012
-6.2641673e-07
0.0076622299
-5.8513918e-07
0.0076612294
-5.4656836e-07
0.0076602949
-5.1054625e-07
0.007659422
-4.7689433e-07
0.0076586068
-4.4548582e-07
0.0076578453
-4.1613755e-07
0.0076571341
-3.8875572e-07
0.0076564698
-3.6314878e-07
0.0076558492
-3.392644e-07
0.0076552697
-3.1687997e-07
0.0076547283
-2.9604348e-07
0.0076542229
-2.7645952e-07
0.0076537506
-2.5827244e-07
0.0076533094
-2.4117189e-07
0.0076528971
-2.2548426e-07
0.0076525126
-2.1041867e-07
0.0076521529
-1.9666816e-07
0.0076518172
-1.8361053e-07
0.0076515028
-1.7205771e-07
0.0076512105
-1.6040654e-07
0.0076509355
-1.5028733e-07
0.0076506807
-1.4040359e-07
0.0076504385
-1.3208699e-07
0.0076502165
-1.250022e-07
0.0076499999
-1.1933769e-07
-1.2571628e-07
0.0093061957
0.0082843931
0.0073298986
0.0064869553
0.0057695845
0.00518986
0.004738168
0.00439519
0.0041390268
0.003949107
0.003807888
0.0037013782
0.003619058
0.0035534117
0.0034992845
0.0034532444
0.0034130501
0.0033772574
0.0033449386
0.0033154893
0.0032885008
0.0032636805
0.003240805
0.0032196926
0.0032001879
0.0031821539
0.0031654672
0.0031500158
0.0031356979
0.0031224208
0.0031101003
0.0030986595
0.0030880291
0.0030781458
0.003068952
0.0030603955
0.0030524286
0.0030450076
0.0030380929
0.0030316478
0.0030256387
0.0030200349
0.0030148078
0.0030099313
0.0030053811
0.0030011347
0.0029971713
0.0029934717
0.002990018
0.0029867936
0.0029837829
0.0029809718
0.0029783467
0.0029758953
0.002973606
0.0029714679
0.0029694711
0.0029676061
0.0029658642
0.0029642372
0.0029627175
0.0029612981
0.0029599722
0.0029587338
0.002957577
0.0029564965
0.0029554871
0.0029545443
0.0029536635
0.0029528408
0.0029520723
0.0029513545
0.0029506839
0.0029500575
0.0029494724
0.0029489259
0.0029484153
0.0029479384
0.0029474928
0.0029470767
0.0029466879
0.0029463248
0.0029459856
0.0029456687
0.0029453727
0.0029450963
0.002944838
0.0029445965
0.0029443711
0.002944161
0.0029439642
0.0029437802
0.0029436083
0.0029434482
0.002943298
0.0029431574
0.0029430253
0.0029429003
0.0029427809
)
;

boundaryField
{
    top
    {
        type            calculated;
        value           uniform 0;
    }
    inlet
    {
        type            calculated;
        value           nonuniform List<scalar> 10(-0.01 -0.01 -0.01 -0.01 -0.01 -0.01 -0.01 -0.01 -0.01 -0.01);
    }
    outlet
    {
        type            calculated;
        value           nonuniform List<scalar> 10(0.002942655 0.0076498149 0.011178072 0.01352789 0.014701569 0.014701569 0.01352789 0.011178072 0.0076498149 0.0029426552);
    }
    bottom
    {
        type            calculated;
        value           uniform 0;
    }
    back
    {
        type            empty;
        value           nonuniform 0();
    }
    front
    {
        type            empty;
        value           nonuniform 0();
    }
}


// ************************************************************************* //
