/*--------------------------------*- C++ -*----------------------------------*\
| =========                 |                                                 |
| \\      /  F ield         | OpenFOAM: The Open Source CFD Toolbox           |
|  \\    /   O peration     | Version:  v1812                                 |
|   \\  /    A nd           | Web:      www.OpenFOAM.com                      |
|    \\/     M anipulation  |                                                 |
\*---------------------------------------------------------------------------*/
FoamFile
{
    version     2.0;
    format      ascii;
    class       surfaceScalarField;
    location    "1.25";
    object      phi;
}
// * * * * * * * * * * * * * * * * * * * * * * * * * * * * * * * * * * * * * //

dimensions      [0 3 -1 0 0 0 0];
oriented        oriented;


internalField   nonuniform List<scalar> 
1890
(
0.0093065024
0.00069349767
0.0082855366
0.0010209662
0.0073324953
0.00095304154
0.0064965562
0.00083593896
0.0057915341
0.00070502182
0.0052253276
0.00056620609
0.004791573
0.00043375423
0.0044783416
0.00031323126
0.0042663038
0.00021203758
0.0041305672
0.00013573662
0.0040483831
8.2184174e-05
0.0040025269
4.5856362e-05
0.0039801544
2.2372713e-05
0.0039716018
8.5527628e-06
0.0039702194
1.3823605e-06
0.003971902
-1.6826393e-06
0.0039745259
-2.6240462e-06
0.0039770634
-2.537649e-06
0.0039791065
-2.0431968e-06
0.0039805841
-1.4776916e-06
0.0039815731
-9.88975e-07
0.0039821946
-6.2151244e-07
0.0039825643
-3.6964438e-07
0.0039827725
-2.082338e-07
0.0039828831
-1.1058693e-07
0.0039829378
-5.4702943e-08
0.0039829624
-2.4529044e-08
0.0039829716
-9.2939963e-09
0.0039829738
-2.2220586e-09
0.0039829732
6.431335e-10
0.0039829717
1.4627301e-09
0.0039829702
1.4536724e-09
0.003982969
1.1718808e-09
0.0039829682
8.458902e-10
0.0039829676
5.7756088e-10
0.0039829672
3.8000021e-10
0.003982967
2.460843e-10
0.0039829668
1.601034e-10
0.0039829667
1.0735179e-10
0.0039829666
7.532664e-11
0.0039829666
5.6388034e-11
0.0039829665
4.4596395e-11
0.0039829665
3.7302578e-11
0.0039829665
3.1995784e-11
0.0039829665
2.8199212e-11
0.0039829664
2.4754224e-11
0.0039829664
2.1982078e-11
0.0039829664
1.9178499e-11
0.0039829664
1.6863086e-11
0.0039829664
1.4447555e-11
0.0039829663
1.2513291e-11
0.0039829663
1.0507012e-11
0.0039829663
8.981706e-12
0.0039829663
7.3725007e-12
0.0039829663
6.2304007e-12
0.0039829663
5.0062917e-12
0.0039829663
4.2326723e-12
0.0039829663
3.3279382e-12
0.0039829663
2.8569367e-12
0.0039829663
2.2132436e-12
0.0039829663
2.0201871e-12
0.0039829663
1.5548993e-12
0.0039829663
1.5961821e-12
0.0039829663
1.2774059e-12
0.0039829663
1.5427697e-12
0.0039829663
1.2492591e-12
0.0039829663
1.9355946e-12
0.0039829663
1.0930918e-12
0.0039829663
3.3777474e-12
0.0039829663
-7.2149256e-13
0.0039829663
8.8721827e-12
0.0039829663
-1.1237634e-11
0.0039829663
3.1634071e-11
0.0039829663
-5.7031512e-11
0.0039829662
1.2298032e-10
0.0039829664
-2.3335109e-10
0.003982966
4.5964798e-10
0.0039829668
-8.4424683e-10
0.0039829653
1.562929e-09
0.003982968
-2.7177007e-09
0.0039829633
4.6924181e-09
0.0039829709
-7.6048872e-09
0.0039829588
1.2029183e-08
0.0039829765
-1.7673334e-08
0.0039829517
2.4785438e-08
0.0039829828
-3.1074966e-08
0.0039829474
3.542302e-08
0.003982978
-3.0575157e-08
0.0039829626
1.5403453e-08
0.0039829395
2.3049981e-08
0.0039830095
-7.0037574e-08
0.0039828697
1.39754e-07
0.0039830342
-1.6446675e-07
0.0039828467
1.8751353e-07
0.0039828966
-4.9826327e-08
0.0039829199
-2.3197167e-08
0.0039826847
2.35167e-07
0.0039829183
-2.3364718e-07
0.0039828413
7.6876137e-08
-1.4041282e-07
0.010339582
0.00035391583
0.010572091
0.00078845776
0.01060891
0.0009162223
0.010550487
0.00089436232
0.010429025
0.00082648343
0.010259466
0.00073576439
0.010065387
0.00062783333
0.0098706241
0.00050799354
0.0096932776
0.00038938393
0.0095433142
0.00028569999
0.0094240353
0.00020146315
0.0093348599
0.00013503202
0.0092725371
8.4695713e-05
0.0092319098
4.9180204e-05
0.0092071958
2.6096339e-05
0.0091933439
1.2169148e-05
0.0091863369
4.3827829e-06
0.0091833776
4.2158729e-07
0.0091825615
-1.2271984e-06
0.009182731
-1.6472937e-06
0.0091832409
-1.4989319e-06
0.0091837809
-1.1614422e-06
0.0091842283
-8.1698671e-07
0.009184555
-5.3499285e-07
0.0091847744
-3.2995152e-07
0.0091849123
-1.926187e-07
0.0091849943
-1.0646324e-07
0.0091850404
-5.5421704e-08
0.0091850649
-2.6794461e-08
0.0091850772
-1.1658274e-08
0.0091850829
-4.2057589e-09
0.0091850852
-8.6036103e-10
0.0091850859
4.7723009e-10
0.0091850859
8.231407e-10
0.0091850856
7.9868957e-10
0.0091850854
6.4431079e-10
0.0091850851
4.8267181e-10
0.009185085
3.5160882e-10
0.0091850848
2.5806367e-10
0.0091850847
1.938219e-10
0.0091850846
1.5224661e-10
0.0091850845
1.2402918e-10
0.0091850845
1.0563028e-10
0.0091850844
9.1510549e-11
0.0091850843
8.1409939e-11
0.0091850843
7.207977e-11
0.0091850843
6.4723867e-11
0.0091850842
5.7041196e-11
0.0091850842
5.0852991e-11
0.0091850842
4.4180135e-11
0.0091850841
3.8883073e-11
0.0091850841
3.3122725e-11
0.0091850841
2.8760358e-11
0.0091850841
2.4039255e-11
0.0091850841
2.0643603e-11
0.009185084
1.688087e-11
0.009185084
1.4433116e-11
0.009185084
1.1604931e-11
0.009185084
9.9915981e-12
0.009185084
7.908463e-12
0.009185084
6.9970042e-12
0.009185084
5.5879332e-12
0.009185084
5.2743126e-12
0.009185084
4.3251372e-12
0.009185084
4.6361824e-12
0.009185084
3.8822815e-12
0.009185084
5.2802154e-12
0.009185084
3.3563851e-12
0.009185084
8.3841948e-12
0.009185084
-4.8594687e-13
0.009185084
2.0107936e-11
0.009185084
-2.1144013e-11
0.0091850839
6.6284773e-11
0.009185084
-1.0960397e-10
0.0091850839
2.4364186e-10
0.0091850841
-4.420403e-10
0.0091850837
8.6979389e-10
0.0091850844
-1.5530787e-09
0.0091850831
2.8282462e-09
0.0091850852
-4.7943079e-09
0.0091850818
8.0693803e-09
0.0091850869
-1.2672601e-08
0.0091850796
1.9349439e-08
0.009185089
-2.7134317e-08
0.0091850778
3.5976625e-08
0.0091850881
-4.1299045e-08
0.0091850823
4.1242155e-08
0.0091850758
-2.4060426e-08
0.0091850997
-8.5426223e-09
0.00918505
7.2808228e-08
0.0091851154
-1.3554787e-07
0.0091850429
2.1227613e-07
0.0091850736
-1.9523833e-07
0.0091851132
1.4800403e-07
0.009184986
7.7459991e-08
0.0091851902
-2.2741988e-07
0.0091850806
3.4474601e-07
0.0091850879
-2.4096088e-07
0.0091851993
-3.4634196e-08
-1.2833408e-07
0.010188651
0.0001652651
0.010530044
0.00044706518
0.010850627
0.00059563893
0.011121672
0.00062331741
0.011344581
0.00060357459
0.011514897
0.00056544723
0.011631965
0.00051076531
0.01170113
0.00043882882
0.011732503
0.00035801007
0.01173787
0.00028033322
0.011727257
0.00021207607
0.011708289
0.00015400079
0.011686741
0.0001062435
0.011666575
6.9346773e-05
0.011649875
4.279627e-05
0.011637229
2.4815031e-05
0.011628338
1.3273502e-05
0.011622461
6.2987612e-06
0.011618819
2.4143966e-06
0.011616724
4.4821124e-07
0.011615608
-3.8309829e-07
0.011615065
-6.1884963e-07
0.011614835
-5.8705959e-07
0.011614762
-4.6178124e-07
0.011614758
-3.2617447e-07
0.011614779
-2.1338035e-07
0.011614804
-1.3114125e-07
0.011614825
-7.6177045e-08
0.01161484
-4.1835366e-08
0.01161485
-2.1600966e-08
0.011614856
-1.0329632e-08
0.011614859
-4.4147492e-09
0.011614861
-1.5095995e-09
0.011614862
-2.2037754e-10
0.011614863
3.1837532e-10
0.011614863
4.4529004e-10
0.011614863
4.2760985e-10
0.011614863
3.6558055e-10
0.011614863
3.010573e-10
0.011614863
2.4776732e-10
0.011614863
2.0724873e-10
0.011614863
1.7739804e-10
0.011614863
1.5499163e-10
0.011614863
1.3770571e-10
0.011614863
1.2338993e-10
0.011614863
1.1107423e-10
0.011614863
9.9874794e-11
0.011614863
8.963003e-11
0.011614862
7.9908796e-11
0.011614862
7.0813345e-11
0.011614862
6.2265383e-11
0.011614862
5.4364101e-11
0.011614862
4.7086573e-11
0.011614862
4.0397726e-11
0.011614862
3.4468994e-11
0.011614862
2.9186397e-11
0.011614862
2.4584272e-11
0.011614862
2.0557632e-11
0.011614862
1.7187011e-11
0.011614862
1.4388349e-11
0.011614862
1.2101686e-11
0.011614862
1.0242851e-11
0.011614862
8.899576e-12
0.011614862
7.8872993e-12
0.011614862
7.4715849e-12
0.011614862
6.8241121e-12
0.011614862
7.7859666e-12
0.011614862
6.1292525e-12
0.011614862
1.1261045e-11
0.011614862
2.1224387e-12
0.011614862
2.4248241e-11
0.011614862
-1.9218599e-11
0.011614862
7.3478005e-11
0.011614862
-1.0915041e-10
0.011614862
2.5485943e-10
0.011614862
-4.384888e-10
0.011614862
8.6922085e-10
0.011614862
-1.4986244e-09
0.011614862
2.698355e-09
0.011614862
-4.4316403e-09
0.011614863
7.2827304e-09
0.011614861
-1.100998e-08
0.011614864
1.6170402e-08
0.011614859
-2.1388009e-08
0.011614868
2.6409523e-08
0.011614853
-2.6553415e-08
0.011614874
2.087244e-08
0.011614849
3.465451e-10
0.011614872
-3.1118533e-08
0.011614862
8.2848921e-08
0.011614845
-1.182503e-07
0.011614905
1.5148978e-07
0.011614808
-9.8028125e-08
0.011614936
2.0580684e-08
0.011614872
1.4091748e-07
0.011614866
-2.2094633e-07
0.011614991
2.194275e-07
0.01161485
-9.9856775e-08
0.011614915
-1.0009303e-07
-1.3963746e-07
0.010097075
6.8190605e-05
0.010345813
0.00019832718
0.01066029
0.00028116245
0.010978002
0.00030560515
0.011279423
0.0003021532
0.01155578
0.00028909017
0.011798104
0.00026844096
0.011998838
0.00023809489
0.012156005
0.00020084214
0.012273591
0.00016274816
0.012357943
0.000127724
0.012415324
9.6619748e-05
0.012451748
6.9819984e-05
0.01247306
4.8034531e-05
0.01248436
3.1496681e-05
0.012489519
1.9655828e-05
0.012491212
1.1580758e-05
0.012491168
6.3423672e-06
0.01249043
3.1518109e-06
0.012489528
1.3509584e-06
0.012488729
4.1522041e-07
0.012488124
-1.371868e-08
0.012487703
-1.6616819e-07
0.01248743
-1.88512e-07
0.012487263
-1.5877033e-07
0.012487166
-1.162503e-07
0.012487112
-7.7773885e-08
0.012487085
-4.8549531e-08
0.012487071
-2.853425e-08
0.012487065
-1.5816584e-08
0.012487063
-8.2253053e-09
0.012487063
-3.9485572e-09
0.012487063
-1.6706145e-09
0.012487063
-5.3892064e-10
0.012487064
3.007674e-12
0.012487064
2.1266865e-10
0.012487064
2.7508482e-10
0.012487064
2.7482986e-10
0.012487064
2.5424295e-10
0.012487064
2.2751231e-10
0.012487064
2.0401565e-10
0.012487064
1.8226807e-10
0.012487064
1.6532732e-10
0.012487064
1.4912056e-10
0.012487064
1.3624732e-10
0.012487064
1.2300671e-10
0.012487064
1.123451e-10
0.012487064
1.0071467e-10
0.012487064
9.1168315e-11
0.012487064
8.0641824e-11
0.012487064
7.2333412e-11
0.012487064
6.2892783e-11
0.012487064
5.5648296e-11
0.012487064
4.7469564e-11
0.012487064
4.1639716e-11
0.012487064
3.4841534e-11
0.012487064
3.0256243e-11
0.012487064
2.4851045e-11
0.012487064
2.1649841e-11
0.012487064
1.7575795e-11
0.012487064
1.5434486e-11
0.012487064
1.2543038e-11
0.012487064
1.1494212e-11
0.012487064
9.6266487e-12
0.012487064
9.4545223e-12
0.012487064
8.2257449e-12
0.012487064
9.4090164e-12
0.012487064
7.8204279e-12
0.012487064
1.1817039e-11
0.012487064
5.8772507e-12
0.012487064
2.0527211e-11
0.012487064
-5.6222353e-12
0.012487064
5.1045332e-11
0.012487064
-5.6662516e-11
0.012487064
1.5866673e-10
0.012487064
-2.4224405e-10
0.012487064
5.0962366e-10
0.012487064
-8.2699361e-10
0.012487065
1.5131827e-09
0.012487063
-2.387603e-09
0.012487066
3.8996752e-09
0.012487061
-5.6798761e-09
0.012487069
8.142471e-09
0.012487058
-1.0216559e-08
0.012487072
1.1914948e-08
0.012487056
-1.0371825e-08
0.012487071
5.9194644e-09
0.012487065
6.6367169e-09
0.012487056
-2.2354158e-08
0.012487092
4.694112e-08
0.012487031
-5.7420549e-08
0.012487119
6.3447941e-08
0.012487047
-2.6541365e-08
0.012487087
-1.890136e-08
0.012487138
9.0471417e-08
0.012487026
-1.0925952e-07
0.012487165
8.0113701e-08
0.01248709
-2.4576161e-08
0.012487055
-6.5117931e-08
-9.41388e-08
0.010068191
2.3801627e-11
0.010266518
-6.2348027e-11
0.010547681
-2.0730646e-10
0.010853287
-3.4283443e-10
0.01115544
-3.917332e-10
0.01144453
-3.2159367e-10
0.011712971
-2.0448408e-10
0.011951066
-1.3499209e-10
0.012151908
-1.3541037e-10
0.012314656
-1.6955063e-10
0.012442381
-1.9994445e-10
0.012539001
-2.0154885e-10
0.012608821
-1.8793948e-10
0.012656856
-1.8904415e-10
0.012688353
-2.3465895e-10
0.012708009
-3.3064461e-10
0.012719591
-4.5757641e-10
0.012725933
-5.8312752e-10
0.012729086
-6.9742878e-10
0.012730438
-7.6748713e-10
0.012730853
-6.2004851e-10
0.01273084
-4.9416103e-10
0.012730674
-3.3608861e-10
0.012730486
-1.693865e-10
0.012730327
-2.5737348e-11
0.012730211
7.8687814e-11
0.012730133
1.4009633e-10
0.012730085
1.6927594e-10
0.012730056
1.7379546e-10
0.01273004
1.6957938e-10
0.012730031
1.6037643e-10
0.012730027
1.5684681e-10
0.012730026
1.5429617e-10
0.012730025
1.5874459e-10
0.012730025
1.6863246e-10
0.012730025
1.7444914e-10
0.012730025
1.7488692e-10
0.012730025
1.7538715e-10
0.012730025
1.7055623e-10
0.012730025
1.6537529e-10
0.012730025
1.556666e-10
0.012730025
1.4733669e-10
0.012730025
1.3590028e-10
0.012730025
1.2679928e-10
0.012730025
1.1527875e-10
0.012730025
1.0680304e-10
0.012730025
9.6239929e-11
0.012730025
8.8584184e-11
0.012730025
7.8746436e-11
0.012730025
7.2046498e-11
0.012730025
6.3155594e-11
0.012730025
5.7240152e-11
0.012730025
4.9106541e-11
0.012730025
4.4171135e-11
0.012730025
3.7176442e-11
0.012730025
3.321039e-11
0.012730025
2.7180708e-11
0.012730025
2.4325379e-11
0.012730025
1.9559569e-11
0.012730025
1.7722441e-11
0.012730025
1.389608e-11
0.012730025
1.3066287e-11
0.012730025
1.0387205e-11
0.012730025
1.0355073e-11
0.012730025
8.4152422e-12
0.012730025
9.2178884e-12
0.012730025
8.1413385e-12
0.012730025
9.563695e-12
0.012730025
8.9101321e-12
0.012730025
1.0919208e-11
0.012730025
1.082858e-11
0.012730025
1.3378052e-11
0.012730025
1.3591042e-11
0.012730025
1.6943346e-11
0.012730026
1.8334129e-11
0.012730025
2.2765644e-11
0.012730026
2.5626005e-11
0.012730025
3.1349843e-11
0.012730026
3.4769294e-11
0.012730024
3.9909446e-11
0.012730028
4.1057912e-11
0.012730022
4.3697511e-11
0.01273003
4.1169072e-11
0.01273002
4.0033693e-11
0.012730032
3.5746814e-11
0.012730021
3.6445593e-11
0.012730027
4.0857101e-11
0.012730034
5.3307775e-11
0.012730011
7.1613253e-11
0.012730058
1.0611125e-10
0.012730001
1.1293945e-10
0.012730064
1.0512598e-10
0.012730037
7.532053e-11
0.012730018
4.2037721e-11
0.012730109
1.4021289e-11
0.01273
-6.4512853e-12
0.01273008
6.0547622e-13
0.012730055
-5.0052701e-12
0.01272999
8.0983595e-12
1.2031424e-11
0.010068191
-6.8190504e-05
0.010266518
-0.00019832736
0.010547681
-0.00028116293
0.010853287
-0.00030560582
0.01115544
-0.00030215388
0.01144453
-0.00028909067
0.011712971
-0.00026844128
0.011951066
-0.00023809514
0.012151908
-0.00020084246
0.012314657
-0.00016274858
0.012442381
-0.00012772447
0.012539001
-9.6620179e-05
0.012608822
-6.9820335e-05
0.012656856
-4.8034843e-05
0.012688353
-3.1497056e-05
0.012708009
-1.9656388e-05
0.01271959
-1.1581613e-05
0.012725933
-6.3434319e-06
0.012729085
-3.1529705e-06
0.012730437
-1.3525945e-06
0.012730853
-4.1629315e-07
0.01273084
1.277464e-08
0.012730674
1.6556977e-07
0.012730486
1.8823858e-07
0.012730327
1.5876442e-07
0.01273021
1.1643088e-07
0.012730133
7.8061353e-08
0.012730084
4.8878635e-08
0.012730055
2.8864494e-08
0.012730039
1.6129896e-08
0.012730031
8.5194648e-09
0.012730027
4.2307702e-09
0.012730025
1.9520241e-09
0.012730024
8.221999e-10
0.012730024
3.0644479e-10
0.012730024
1.055181e-10
0.012730024
4.6778308e-11
0.012730025
4.5192574e-11
0.012730025
5.8635334e-11
0.012730025
7.2992104e-11
0.012730025
8.0545226e-11
0.012730025
8.4004335e-11
0.012730025
8.1992213e-11
0.012730025
7.8573341e-11
0.012730025
7.2745134e-11
0.012730025
6.7818988e-11
0.012730025
6.1628718e-11
0.012730025
5.6789736e-11
0.012730025
5.1046134e-11
0.012730025
4.6918856e-11
0.012730025
4.178512e-11
0.012730025
3.7957563e-11
0.012730025
3.3198346e-11
0.012730025
2.9994941e-11
0.012730025
2.5800187e-11
0.012730025
2.2947805e-11
0.012730025
1.9300643e-11
0.012730025
1.719089e-11
0.012730025
1.4333007e-11
0.012730025
1.2638241e-11
0.012730025
1.0516236e-11
0.012730025
9.5824639e-12
0.012730025
8.2557811e-12
0.012730025
7.7700457e-12
0.012730025
6.953836e-12
0.012730025
7.4071728e-12
0.012730025
6.7079339e-12
0.012730025
8.6005234e-12
0.012730025
5.9692307e-12
0.012730025
1.3294555e-11
0.012730025
9.4533934e-13
0.012730025
2.9355441e-11
0.012730025
-2.4191625e-11
0.012730025
8.70797e-11
0.012730026
-1.2288872e-10
0.012730025
2.8362704e-10
0.012730026
-4.6039707e-10
0.012730025
8.8465406e-10
0.012730026
-1.446709e-09
0.012730024
2.4609013e-09
0.012730028
-3.8212913e-09
0.012730022
5.7596048e-09
0.01273003
-8.0644392e-09
0.01273002
1.0288266e-08
0.012730032
-1.1848759e-08
0.012730021
1.043642e-08
0.012730027
-5.8411586e-09
0.012730034
-6.5295065e-09
0.012730012
2.2473713e-08
0.012730058
-4.6728143e-08
0.012730001
5.7629387e-08
0.012730064
-6.3256268e-08
0.012730037
2.6675424e-08
0.012730019
1.8965029e-08
0.012730109
-9.045728e-08
0.01273
1.0923934e-07
0.01273008
-8.0119406e-08
0.012730055
2.4562224e-08
0.01272999
6.5145246e-08
9.416842e-08
0.010097075
-0.00016526529
0.010345813
-0.00044706561
0.01066029
-0.0005956394
0.010978002
-0.00062331787
0.011279423
-0.00060357499
0.01155578
-0.00056544748
0.011798104
-0.00051076543
0.011998837
-0.000438829
0.012156005
-0.00035801042
0.01227359
-0.00028033375
0.012357943
-0.00021207663
0.012415324
-0.00015400125
0.012451748
-0.00010624378
0.01247306
-6.934694e-05
0.01248436
-4.2796452e-05
0.012489519
-2.4815382e-05
0.012491211
-1.3274132e-05
0.012491167
-6.2997061e-06
0.012490429
-2.4152413e-06
0.012489526
-4.4946208e-07
0.012488728
3.8217811e-07
0.012488123
6.1816791e-07
0.012487701
5.8666078e-07
0.012487428
4.616484e-07
0.012487261
3.2625336e-07
0.012487164
2.1359084e-07
0.01248711
1.3141528e-07
0.012487083
7.645938e-08
0.012487069
4.210054e-08
0.012487064
2.1837472e-08
0.012487062
1.0546275e-08
0.012487061
4.6144951e-09
0.012487062
1.7072384e-09
0.012487062
4.2879532e-10
0.012487062
-8.3718741e-11
0.012487063
-2.0734297e-10
0.012487063
-1.8574898e-10
0.012487063
-1.2642378e-10
0.012487063
-6.7675591e-11
0.012487063
-2.6232205e-11
0.012487063
2.4908155e-12
0.012487064
1.5573553e-11
0.012487064
2.4365862e-11
0.012487064
2.4502692e-11
0.012487064
2.6216023e-11
0.012487064
2.3079851e-11
0.012487064
2.3322681e-11
0.012487064
1.9821186e-11
0.012487064
2.0248309e-11
0.012487064
1.7168339e-11
0.012487064
1.7636008e-11
0.012487064
1.4550692e-11
0.012487064
1.5025286e-11
0.012487064
1.2189003e-11
0.012487064
1.2395737e-11
0.012487064
9.7073779e-12
0.012487064
9.8587401e-12
0.012487064
7.610551e-12
0.012487064
7.7645401e-12
0.012487064
5.7033999e-12
0.012487064
6.1641971e-12
0.012487064
4.6116337e-12
0.012487064
5.2344757e-12
0.012487064
3.977584e-12
0.012487064
4.8617934e-12
0.012487064
4.3649392e-12
0.012487064
4.726033e-12
0.012487064
6.0083037e-12
0.012487064
3.1787733e-12
0.012487064
1.2493483e-11
0.012487064
-6.694721e-12
0.012487064
3.7333018e-11
0.012487064
-5.1040962e-11
0.012487064
1.3287784e-10
0.012487064
-2.2504285e-10
0.012487064
4.7097967e-10
0.012487064
-8.2818665e-10
0.012487064
1.5440756e-09
0.012487065
-2.6436539e-09
0.012487063
4.489005e-09
0.012487066
-7.2192559e-09
0.012487061
1.1070851e-08
0.012487069
-1.6110166e-08
0.012487058
2.1440774e-08
0.012487072
-2.6360565e-08
0.012487056
2.6599895e-08
0.012487071
-2.0814521e-08
0.012487065
-2.6603684e-10
0.012487056
3.1236005e-08
0.012487092
-8.2681955e-08
0.012487031
1.1842088e-07
0.012487119
-1.5134928e-07
0.012487048
9.8109175e-08
0.012487087
-2.056345e-08
0.012487138
-1.4093543e-07
0.012487026
2.209083e-07
0.012487166
-2.1943616e-07
0.01248709
9.9856683e-08
0.012487055
1.0012944e-07
1.396698e-07
0.010188651
-0.00035391605
0.010530044
-0.00078845805
0.010850627
-0.00091622254
0.011121672
-0.00089436257
0.011344581
-0.00082648364
0.011514897
-0.0007357645
0.011631965
-0.00062783339
0.01170113
-0.00050799368
0.011732503
-0.00038938426
0.01173787
-0.00028570044
0.011727257
-0.00020146361
0.011708288
-0.00013503235
0.011686741
-8.4695858e-05
0.011666574
-4.9180233e-05
0.011649874
-2.6096397e-05
0.011637228
-1.2169335e-05
0.011628337
-4.3831444e-06
0.01162246
-4.2220431e-07
0.011618818
1.2265597e-06
0.011616722
1.646586e-06
0.011615606
1.4983709e-06
0.011615063
1.1610938e-06
0.011614833
8.1683755e-07
0.011614759
5.3500892e-07
0.011614756
3.3007861e-07
0.011614776
1.9280238e-07
0.011614801
1.0665634e-07
0.011614822
5.5598753e-08
0.011614837
2.6944563e-08
0.011614847
1.1780555e-08
0.011614854
4.3089005e-09
0.011614857
9.5622395e-10
0.011614859
-3.7203193e-10
0.011614861
-7.0856816e-10
0.011614861
-6.7317859e-10
0.011614861
-5.1258999e-10
0.011614862
-3.4914825e-10
0.011614862
-2.1882413e-10
0.011614862
-1.3102302e-10
0.011614862
-7.349435e-11
0.011614862
-4.1313053e-11
0.011614862
-2.2169015e-11
0.011614862
-1.3761721e-11
0.011614862
-8.0744898e-12
0.011614862
-6.6158633e-12
0.011614862
-4.4233157e-12
0.011614862
-4.3915316e-12
0.011614862
-2.5372596e-12
0.011614862
-2.3575225e-12
0.011614862
-8.6711336e-13
0.011614862
-6.9392831e-13
0.011614862
5.0933802e-13
0.011614862
6.0411349e-13
0.011614862
1.475165e-12
0.011614862
1.0492928e-12
0.011614862
1.8848769e-12
0.011614862
1.3337603e-12
0.011614862
1.946028e-12
0.011614862
1.1943983e-12
0.011614862
1.9018466e-12
0.011614862
1.2722433e-12
0.011614862
1.9309812e-12
0.011614862
1.1969273e-12
0.011614862
2.1419705e-12
0.011614862
1.437595e-12
0.011614862
2.6669684e-12
0.011614862
1.1563543e-12
0.011614862
4.130438e-12
0.011614862
-4.7070582e-13
0.011614862
9.6504516e-12
0.011614862
-1.0214698e-11
0.011614862
3.2919939e-11
0.011614862
-5.2964043e-11
0.011614862
1.2558177e-10
0.011614862
-2.2537297e-10
0.011614862
4.6441329e-10
0.011614862
-8.4403321e-10
0.011614862
1.5833449e-09
0.011614862
-2.7951786e-09
0.011614862
4.8300662e-09
0.011614863
-8.0335446e-09
0.011614861
1.2706651e-08
0.011614864
-1.9319006e-08
0.011614859
2.7161649e-08
0.011614868
-3.5952683e-08
0.011614854
4.1325278e-08
0.011614874
-4.1207304e-08
0.01161485
2.4119109e-08
0.011614872
8.6270192e-09
0.011614862
-7.2702181e-08
0.011614845
1.3564174e-07
0.011614906
-2.1221708e-07
0.011614809
1.9525147e-07
0.011614936
-1.4801714e-07
0.011614873
-7.7480193e-08
0.011614866
2.2740044e-07
0.011614992
-3.44745e-07
0.01161485
2.4095812e-07
0.011614916
3.4661565e-08
1.2835121e-07
0.010339582
-0.00069349753
0.01057209
-0.001020966
0.01060891
-0.00095304154
0.010550487
-0.00083593914
0.010429025
-0.00070502208
0.010259466
-0.00056620629
0.010065387
-0.00043375435
0.0098706241
-0.00031323138
0.0096932773
-0.00021203776
0.0095433137
-0.00013573683
0.0094240346
-8.2184343e-05
0.009334859
-4.5856432e-05
0.0092725363
-2.2372672e-05
0.0092319091
-8.552688e-06
0.0092071952
-1.3823253e-06
0.0091933433
1.6825719e-06
0.0091863362
2.6238687e-06
0.0091833765
2.5373774e-06
0.00918256
2.0429189e-06
0.0091827291
1.477437e-06
0.0091832387
9.8879533e-07
0.0091837784
6.2143509e-07
0.0091842256
3.6964919e-07
0.0091845524
2.0829139e-07
0.0091847719
1.1066912e-07
0.00918491
5.4785895e-08
0.0091849921
2.4598796e-08
0.0091850384
9.3439946e-09
0.009185063
2.2620487e-09
0.0091850755
-6.2245429e-10
0.0091850812
-1.4449093e-09
0.0091850836
-1.435186e-09
0.0091850844
-1.1487654e-09
0.0091850845
-8.1725369e-10
0.0091850844
-5.4265218e-10
0.0091850842
-3.4213895e-10
0.0091850841
-2.0754547e-10
0.009185084
-1.2197432e-10
0.0091850839
-7.1233367e-11
0.0091850839
-4.1880334e-11
0.0091850839
-2.6289068e-11
0.0091850839
-1.7692772e-11
0.0091850839
-1.346373e-11
0.0091850839
-1.077981e-11
0.0091850839
-9.5645759e-12
0.0091850839
-8.1624376e-12
0.0091850839
-7.2868805e-12
0.009185084
-5.9996238e-12
0.009185084
-5.3225562e-12
0.009185084
-4.2732363e-12
0.009185084
-3.5207377e-12
0.009185084
-2.6758562e-12
0.009185084
-2.2463199e-12
0.009185084
-1.6637089e-12
0.009185084
-1.3299727e-12
0.009185084
-8.1540285e-13
0.009185084
-8.2577298e-13
0.009185084
-3.943565e-13
0.009185084
-4.4368539e-13
0.009185084
2.2569468e-14
0.009185084
-2.0966735e-13
0.009185084
1.6832087e-13
0.009185084
-1.2823806e-14
0.009185084
3.9773028e-13
0.009185084
8.0585013e-14
0.009185084
4.6557724e-13
0.009185084
-1.0760051e-13
0.009185084
9.7929173e-13
0.009185084
-1.1595456e-12
0.009185084
3.3438841e-12
0.009185084
-5.7888218e-12
0.009185084
1.5398104e-11
0.009185084
-2.6741413e-11
0.0091850841
6.3822903e-11
0.009185084
-1.1492329e-10
0.0091850842
2.4343987e-10
0.0091850838
-4.4903891e-10
0.0091850845
8.5537421e-10
0.0091850833
-1.5528404e-09
0.0091850854
2.725983e-09
0.009185082
-4.6867278e-09
0.0091850871
7.6090945e-09
0.0091850798
-1.2024736e-08
0.0091850892
1.7680315e-08
0.0091850781
-2.4774634e-08
0.0091850883
3.109204e-08
0.0091850826
-3.5400506e-08
0.0091850761
3.0603127e-08
0.0091851001
-1.5376242e-08
0.0091850504
-2.3026034e-08
0.0091851159
7.0046385e-08
0.0091850434
-1.397591e-07
0.0091850742
1.6446278e-07
0.0091851137
-1.875064e-07
0.0091849865
4.9836679e-08
0.0091851907
2.3201935e-08
0.0091850811
-2.3517157e-07
0.0091850883
2.3362926e-07
0.0091851998
-7.6877978e-08
1.4041348e-07
0.0093065028
0.0082855371
0.0073324958
0.0064965566
0.0057915343
0.0052253277
0.0047915731
0.0044783415
0.0042663037
0.0041305669
0.0040483827
0.0040025265
0.003980154
0.0039716015
0.0039702192
0.0039719018
0.0039745256
0.0039770629
0.0039791057
0.0039805831
0.0039815719
0.0039821934
0.0039825631
0.0039827714
0.0039828821
0.0039829369
0.0039829615
0.0039829709
0.0039829732
0.0039829725
0.0039829711
0.0039829697
0.0039829685
0.0039829677
0.0039829672
0.0039829668
0.0039829666
0.0039829665
0.0039829664
0.0039829664
0.0039829664
0.0039829664
0.0039829664
0.0039829663
0.0039829663
0.0039829663
0.0039829663
0.0039829663
0.0039829663
0.0039829663
0.0039829663
0.0039829663
0.0039829663
0.0039829663
0.0039829663
0.0039829663
0.0039829663
0.0039829663
0.0039829663
0.0039829663
0.0039829663
0.0039829663
0.0039829663
0.0039829663
0.0039829663
0.0039829663
0.0039829663
0.0039829663
0.0039829663
0.0039829663
0.0039829663
0.0039829663
0.0039829663
0.0039829663
0.0039829662
0.0039829665
0.003982966
0.0039829669
0.0039829653
0.003982968
0.0039829634
0.0039829709
0.0039829589
0.0039829766
0.0039829518
0.0039829829
0.0039829476
0.0039829782
0.0039829628
0.0039829397
0.0039830097
0.0039828699
0.0039830344
0.003982847
0.0039828968
0.00398292
0.0039826848
0.0039829184
0.0039828415
)
;

boundaryField
{
    top
    {
        type            calculated;
        value           uniform 0;
    }
    inlet
    {
        type            calculated;
        value           nonuniform List<scalar> 10(-0.01 -0.01 -0.01 -0.01 -0.01 -0.01 -0.01 -0.01 -0.01 -0.01);
    }
    outlet
    {
        type            calculated;
        value           nonuniform List<scalar> 10(0.0039829817 0.0091851872 0.011614927 0.012487009 0.012729896 0.012729896 0.01248701 0.011614927 0.0091851877 0.0039829819);
    }
    bottom
    {
        type            calculated;
        value           uniform 0;
    }
    back
    {
        type            empty;
        value           nonuniform 0();
    }
    front
    {
        type            empty;
        value           nonuniform 0();
    }
}


// ************************************************************************* //
