/*--------------------------------*- C++ -*----------------------------------*\
| =========                 |                                                 |
| \\      /  F ield         | OpenFOAM: The Open Source CFD Toolbox           |
|  \\    /   O peration     | Version:  v1812                                 |
|   \\  /    A nd           | Web:      www.OpenFOAM.com                      |
|    \\/     M anipulation  |                                                 |
\*---------------------------------------------------------------------------*/
FoamFile
{
    version     2.0;
    format      ascii;
    class       surfaceScalarField;
    location    "2.45";
    object      phi;
}
// * * * * * * * * * * * * * * * * * * * * * * * * * * * * * * * * * * * * * //

dimensions      [0 3 -1 0 0 0 0];
oriented        oriented;


internalField   nonuniform List<scalar> 
1890
(
0.0093061977
0.00069380234
0.0082844024
0.0010217954
0.0073299245
0.00095447795
0.0064870389
0.00084288558
0.0057697787
0.00071726023
0.0051902053
0.00057957341
0.0047387598
0.00045144551
0.0043961236
0.00034263626
0.0041403894
0.00025573426
0.0039510697
0.00018931959
0.003810778
0.00014029162
0.0037056482
0.0001051297
0.0036252315
8.0416658e-05
0.0035620999
6.3131486e-05
0.003511248
5.0851862e-05
0.0034694199
4.1828122e-05
0.0034345234
3.48966e-05
0.003405212
2.9311421e-05
0.0033806133
2.4598835e-05
0.0033601333
2.0480093e-05
0.0033433121
1.6821175e-05
0.0033297332
1.3578871e-05
0.0033189864
1.0746743e-05
0.0033106613
8.3250424e-06
0.003304358
6.3031869e-06
0.0032996995
4.6584232e-06
0.0032963425
3.3570158e-06
0.0032939863
2.3562127e-06
0.0032923778
1.6084918e-06
0.0032913116
1.0662245e-06
0.0032906268
6.8477241e-07
0.003290202
4.2490255e-07
0.0032899483
2.5368838e-07
0.0032898035
1.4483368e-07
0.0032897252
7.8277634e-08
0.0032896858
3.9341271e-08
0.0032896681
1.769728e-08
0.0032896617
6.3313024e-09
0.0032896604
1.2936681e-09
0.0032896611
-7.1487426e-10
0.0032896624
-1.3760005e-09
0.0032896637
-1.315972e-09
0.0032896647
-1.0096486e-09
0.0032896653
-6.8089657e-10
0.0032896657
-4.1584786e-10
0.003289666
-2.2649807e-10
0.0032896661
-1.0593663e-10
0.0032896661
-3.2653335e-11
0.0032896661
1.2048008e-12
0.0032896661
1.9990895e-11
0.003289666
2.6309747e-11
0.003289666
2.8348678e-11
0.003289666
2.5324363e-11
0.003289666
2.3359317e-11
0.003289666
1.9198424e-11
0.0032896659
1.7051241e-11
0.0032896659
1.4034232e-11
0.0032896659
1.1804719e-11
0.0032896659
1.0871616e-11
0.0032896659
6.8841516e-12
0.0032896659
1.0301218e-11
0.0032896659
7.3475863e-13
0.0032896659
1.3847759e-11
0.0032896659
-9.6977518e-12
0.0032896659
2.4924728e-11
0.0032896659
-2.9089189e-11
0.0032896658
4.8863979e-11
0.0032896659
-6.3612098e-11
0.0032896658
9.1298544e-11
0.0032896659
-1.1674765e-10
0.0032896658
1.5108568e-10
0.003289666
-1.7947123e-10
0.0032896658
2.0675407e-10
0.003289666
-2.1413476e-10
0.0032896658
2.0212815e-10
0.0032896659
-1.4727192e-10
0.0032896659
5.4549563e-11
0.0032896658
8.9169351e-11
0.003289666
-2.7112214e-10
0.0032896656
4.8508485e-10
0.0032896662
-6.6988569e-10
0.0032896654
8.056655e-10
0.0032896662
-7.9952911e-10
0.0032896655
6.7708418e-10
0.0032896659
-3.5813379e-10
0.0032896659
2.5996693e-11
0.0032896654
4.4305344e-10
0.0032896661
-6.3069545e-10
0.0032896651
9.5276092e-10
0.0032896657
-5.7556702e-10
0.0032896648
9.5711956e-10
0.0032896646
1.5748835e-10
0.0032896632
1.4180495e-09
0.0032896618
1.3548271e-09
0.003289658
3.7013374e-09
0.0032896535
4.4714651e-09
0.0032896444
9.1582116e-09
0.0032896303
1.4218891e-08
0.0032896061
2.4295015e-08
3.4653306e-08
0.010339525
0.0003542776
0.010570768
0.00079055202
0.010606337
0.0009189095
0.010547624
0.00090159855
0.010422402
0.00084248206
0.010244525
0.00075745053
0.010039744
0.00065622656
0.0098293616
0.00055301859
0.0096262172
0.00045887862
0.0094370462
0.00037849059
0.0092651721
0.00031216556
0.0091118067
0.00025849498
0.0089766514
0.00021557187
0.0088585036
0.00018127926
0.0087558274
0.00015352802
0.0086670843
0.00013057116
0.0085908452
0.00011113573
0.0085258224
9.4334263e-05
0.0084708822
7.9539087e-05
0.0084250134
6.6348999e-05
0.0083872669
5.4567642e-05
0.0083567107
4.4135029e-05
0.0083324191
3.5038247e-05
0.0083134857
2.7258355e-05
0.0082990404
2.0748335e-05
0.0082882667
1.5432101e-05
0.008280421
1.1202629e-05
0.0082748494
7.9278021e-06
0.0082709959
5.4619563e-06
0.0082684043
3.6578913e-06
0.0082667124
2.3766504e-06
0.0082656429
1.4944072e-06
0.0082649904
9.0621499e-07
0.008264608
5.2727491e-07
0.0082643942
2.9203978e-07
0.0082642816
1.5193592e-07
0.0082642268
7.2382555e-08
0.0082642034
2.9720969e-08
0.0082641961
8.5237446e-09
0.0082641956
-1.8923988e-10
0.0082641976
-3.4129254e-09
0.0082642001
-3.8262225e-09
0.0082642022
-3.1493902e-09
0.0082642037
-2.2302447e-09
0.0082642047
-1.4170717e-09
0.0082642053
-8.1322355e-10
0.0082642056
-4.1194628e-10
0.0082642057
-1.645265e-10
0.0082642057
-2.7574942e-11
0.0082642057
4.1027295e-11
0.0082642057
7.0150191e-11
0.0082642056
7.7142011e-11
0.0082642056
7.4394096e-11
0.0082642056
6.6607121e-11
0.0082642055
5.8953135e-11
0.0082642055
4.9711414e-11
0.0082642055
4.4557082e-11
0.0082642054
3.5140664e-11
0.0082642054
3.521626e-11
0.0082642054
2.1804739e-11
0.0082642054
3.2229654e-11
0.0082642054
6.004603e-12
0.0082642053
3.8856233e-11
0.0082642054
-1.8778398e-11
0.0082642053
6.1996096e-11
0.0082642054
-6.2278315e-11
0.0082642053
1.1183343e-10
0.0082642054
-1.3505463e-10
0.0082642053
1.9605518e-10
0.0082642054
-2.3836133e-10
0.0082642052
3.034549e-10
0.0082642054
-3.4158733e-10
0.0082642052
3.7534204e-10
0.0082642054
-3.525988e-10
0.0082642053
2.8563079e-10
0.0082642052
-1.2023669e-10
0.0082642054
-1.2013431e-10
0.0082642051
4.585105e-10
0.0082642056
-8.2545247e-10
0.0082642049
1.2036516e-09
0.0082642057
-1.4429513e-09
0.008264205
1.5120104e-09
0.0082642054
-1.224692e-09
0.0082642054
6.9753444e-10
0.0082642048
1.9508866e-10
0.0082642058
-9.9384865e-10
0.0082642044
1.8824489e-09
0.0082642057
-1.9509872e-09
0.0082642045
2.1270271e-09
0.0082642048
-8.7090297e-10
0.0082642046
1.2197738e-09
0.0082642037
1.061041e-09
0.0082642032
1.9145069e-09
0.0082642017
2.818976e-09
0.0082641993
5.9929333e-09
0.0082641959
7.8907529e-09
0.0082641907
1.4405597e-08
0.0082641824
2.2574012e-08
0.0082641744
3.2435898e-08
4.3860802e-08
0.010188704
0.00016557404
0.010530485
0.00044877083
0.010851449
0.00059794562
0.011124157
0.00062888995
0.011350539
0.00061609993
0.011524414
0.00058357647
0.011646208
0.00053443234
0.01172399
0.00047523695
0.011767825
0.00041504354
0.01178646
0.00035985519
0.011786904
0.00031172113
0.011774825
0.00027057423
0.011754668
0.00023572824
0.011729701
0.00020624664
0.011702214
0.0001810144
0.011673802
0.00015898321
0.011645572
0.0001393658
0.011618299
0.00012160746
0.011592538
0.00010530067
0.011568698
9.0188321e-05
0.011547081
7.6184578e-05
0.011527887
6.3329573e-05
0.011511214
5.171107e-05
0.011497063
4.1409171e-05
0.011485339
3.247252e-05
0.011475864
2.4906539e-05
0.011468401
1.8665838e-05
0.011462673
1.3655636e-05
0.011458392
9.7429523e-06
0.011455278
6.7722645e-06
0.011453074
4.5807345e-06
0.011451557
3.0108076e-06
0.011450544
1.9195052e-06
0.011449887
1.1840823e-06
0.011449475
7.042763e-07
0.011449225
4.0181369e-07
0.011449079
2.180986e-07
0.011448998
1.1106314e-07
0.011448955
5.1683032e-08
0.011448934
2.0789977e-08
0.011448924
5.8811128e-09
0.011448921
-4.7013636e-10
0.01144892
-2.4935415e-09
0.011448921
-2.622418e-09
0.011448921
-2.071076e-09
0.011448922
-1.4064643e-09
0.011448922
-8.4494307e-10
0.011448923
-4.4174945e-10
0.011448923
-1.8175082e-10
0.011448923
-2.9113352e-11
0.011448923
5.2248056e-11
0.011448923
8.8074603e-11
0.011448923
1.0038355e-10
0.011448923
9.7918034e-11
0.011448923
9.1905116e-11
0.011448923
8.0457211e-11
0.011448923
7.3929096e-11
0.011448923
6.0073797e-11
0.011448923
5.9748175e-11
0.011448923
4.0171088e-11
0.011448923
5.3632779e-11
0.011448923
1.7113425e-11
0.011448923
6.0011436e-11
0.011448923
-1.6628969e-11
0.011448923
8.6976897e-11
0.011448923
-7.2134859e-11
0.011448923
1.4466209e-10
0.011448923
-1.5833031e-10
0.011448923
2.3651694e-10
0.011448923
-2.6820109e-10
0.011448923
3.371003e-10
0.011448923
-3.5035171e-10
0.011448923
3.6068016e-10
0.011448923
-2.823897e-10
0.011448923
1.5349655e-10
0.011448923
9.9985241e-11
0.011448923
-4.1674463e-10
0.011448922
8.2892035e-10
0.011448923
-1.2113827e-09
0.011448923
1.5406697e-09
0.011448923
-1.610427e-09
0.011448923
1.4174819e-09
0.011448922
-7.6144275e-10
0.011448923
-1.2530214e-10
0.011448922
1.3082392e-09
0.011448923
-2.1343978e-09
0.011448922
2.8055112e-09
0.011448923
-2.3387709e-09
0.011448923
1.923151e-09
0.011448922
-1.5584319e-11
0.011448923
9.7126078e-11
0.011448922
2.1295138e-09
0.011448923
1.2936721e-09
0.011448923
2.9656855e-09
0.011448922
6.1042218e-09
0.011448923
7.5473668e-09
0.011448924
1.3438423e-08
0.011448926
2.017733e-08
0.011448932
2.6561096e-08
3.5350054e-08
0.010097181
6.8393011e-05
0.010346952
0.00019900018
0.010662444
0.00028245339
0.010982701
0.00030863275
0.011290123
0.00030867836
0.011575054
0.00029864546
0.011828667
0.00028081931
0.012047252
0.00025665142
0.01223229
0.00023000622
0.012387732
0.00020441243
0.012517987
0.00018146679
0.012627235
0.00016132611
0.012719182
0.00014378097
0.012796919
0.00012850992
0.012862861
0.00011507162
0.012918837
0.00010300757
0.012966238
9.1965155e-05
0.013006146
8.1698769e-05
0.013039422
7.2024852e-05
0.013066782
6.2828257e-05
0.013088881
5.4086317e-05
0.013106357
4.5853141e-05
0.013119852
3.8215935e-05
0.013129998
3.126296e-05
0.013137403
2.5067559e-05
0.013142632
1.9677812e-05
0.01314619
1.5107848e-05
0.01314851
1.1335094e-05
0.013149949
8.3041663e-06
0.013150786
5.9356589e-06
0.013151231
4.1360749e-06
0.013151434
2.8071316e-06
0.0131515
1.853632e-06
0.013151495
1.1892469e-06
0.013151459
7.3996482e-07
0.013151416
4.4540079e-07
0.013151375
2.5839047e-07
0.013151343
1.4369407e-07
0.013151318
7.5949544e-08
0.013151302
3.7628302e-08
0.01315129
1.6979138e-08
0.013151283
6.5286669e-09
0.013151279
1.696186e-09
0.013151277
-2.3439311e-10
0.013151276
-7.8488454e-10
0.013151275
-7.5686339e-10
0.013151275
-5.4556447e-10
0.013151275
-3.1974418e-10
0.013151274
-1.4442566e-10
0.013151274
-2.2556827e-11
0.013151274
4.9691863e-11
0.013151275
8.6428123e-11
0.013151275
1.0249589e-10
0.013151275
1.0395435e-10
0.013151275
1.0065812e-10
0.013151274
9.1239647e-11
0.013151274
8.4808226e-11
0.013151274
7.2032515e-11
0.013151274
6.9556716e-11
0.013151274
5.2438099e-11
0.013151274
6.0060006e-11
0.013151274
3.0959469e-11
0.013151274
6.0057341e-11
0.013151274
3.0490656e-12
0.013151274
7.4779109e-11
0.013151274
-3.8552537e-11
0.013151274
1.1002271e-10
0.013151274
-9.7810039e-11
0.013151274
1.6508144e-10
0.013151274
-1.6585669e-10
0.013151274
2.1711571e-10
0.013151274
-2.0149231e-10
0.013151274
2.0229281e-10
0.013151274
-1.1929157e-10
0.013151274
2.0033233e-11
0.013151274
1.7751901e-10
0.013151274
-3.8773098e-10
0.013151275
6.610471e-10
0.013151274
-8.6576712e-10
0.013151275
1.020768e-09
0.013151274
-9.4571652e-10
0.013151275
7.0422819e-10
0.013151274
-1.2911531e-10
0.013151274
-5.1515352e-10
0.013151274
1.3070682e-09
0.013151274
-1.6930203e-09
0.013151275
1.9198815e-09
0.013151274
-1.3069607e-09
0.013151275
8.1776376e-10
0.013151274
5.5851988e-10
0.013151275
-4.5159367e-10
0.013151276
1.6265085e-09
0.013151276
8.0132348e-10
0.013151277
1.6231395e-09
0.013151279
3.9858793e-09
0.013151283
4.3310543e-09
0.013151288
7.770806e-09
0.013151297
1.1389394e-08
0.013151309
1.4297775e-08
1.9005851e-08
0.010068393
3.3033782e-11
0.010267393
7.2636756e-11
0.010549846
7.1889313e-11
0.010858479
3.5476423e-11
0.011167157
-3.0531038e-11
0.011465803
-1.0482348e-10
0.011746623
-1.4199018e-10
0.012003274
-1.4133653e-10
0.012233281
-1.2278528e-10
0.012437693
-1.1192721e-10
0.01261916
-1.062167e-10
0.012780486
-1.0481183e-10
0.012924267
-1.2035847e-10
0.013052777
-1.6091185e-10
0.013167849
-2.2569426e-10
0.013270857
-2.8860441e-10
0.013362822
-3.3806991e-10
0.013444522
-3.5913238e-10
0.013516547
-3.5466022e-10
0.013579376
-3.1954093e-10
0.013633462
-2.6453567e-10
0.013679316
-1.9748628e-10
0.013717532
-1.3653829e-10
0.013748795
-9.1558228e-11
0.013773862
-7.1870915e-11
0.01379354
-7.7700425e-11
0.013808648
-1.0587375e-10
0.013819983
-1.4651134e-10
0.013828288
-1.8948176e-10
0.013834224
-2.2411e-10
0.01383836
-2.4101143e-10
0.013841167
-2.3695147e-10
0.013843021
-2.107228e-10
0.013844211
-1.682664e-10
0.013844951
-1.1373429e-10
0.013845396
-5.4413819e-11
0.013845655
3.4348695e-12
0.013845798
5.2237303e-11
0.013845874
9.0957797e-11
0.013845912
1.2030033e-10
0.013845928
1.3833516e-10
0.013845935
1.4777307e-10
0.013845936
1.5086233e-10
0.013845936
1.5134194e-10
0.013845935
1.4804264e-10
0.013845934
1.4541135e-10
0.013845933
1.4022904e-10
0.013845933
1.3665791e-10
0.013845933
1.3031375e-10
0.013845933
1.2611037e-10
0.013845933
1.188502e-10
0.013845933
1.126434e-10
0.013845933
1.0407768e-10
0.013845933
9.710622e-11
0.013845933
8.814336e-11
0.013845933
8.1088176e-11
0.013845933
7.2353318e-11
0.013845933
6.5899494e-11
0.013845933
5.8060788e-11
0.013845933
5.2549573e-11
0.013845933
4.5681013e-11
0.013845933
4.1227988e-11
0.013845933
3.5502935e-11
0.013845933
3.1980397e-11
0.013845933
2.7073579e-11
0.013845933
2.4426578e-11
0.013845933
2.0407219e-11
0.013845933
1.8599053e-11
0.013845933
1.5353948e-11
0.013845933
1.4334207e-11
0.013845933
1.1905254e-11
0.013845933
1.1593822e-11
0.013845933
9.810298e-12
0.013845933
1.0190951e-11
0.013845933
9.1744165e-12
0.013845933
1.025265e-11
0.013845932
9.6059906e-12
0.013845933
1.1223481e-11
0.013845932
1.1403758e-11
0.013845933
1.4035884e-11
0.013845932
1.5329855e-11
0.013845933
1.9162941e-11
0.013845933
2.1948515e-11
0.013845932
2.6895046e-11
0.013845934
2.8926763e-11
0.013845932
3.3130269e-11
0.013845934
3.4961437e-11
0.013845932
3.7970909e-11
0.013845933
3.7850022e-11
0.013845934
3.9492719e-11
0.013845933
3.9745624e-11
0.013845935
3.6762062e-11
0.013845936
3.7193381e-11
0.013845937
4.4230174e-11
0.013845941
4.6082756e-11
0.013845945
4.0273994e-11
0.013845953
3.8897479e-11
0.013845964
3.7478862e-11
0.013845979
3.2275268e-11
3.9345668e-11
0.010068393
-6.8392942e-05
0.010267393
-0.00019900005
0.010549846
-0.00028245327
0.010858479
-0.0003086327
0.011167157
-0.00030867843
0.011465803
-0.00029864565
0.011746623
-0.00028081957
0.012003274
-0.00025665167
0.01223328
-0.00023000644
0.012437693
-0.00020441262
0.01261916
-0.00018146697
0.012780486
-0.0001613263
0.012924267
-0.00014378119
0.013052777
-0.00012851024
0.013167849
-0.00011507206
0.013270857
-0.00010300814
0.013362822
-9.1965807e-05
0.013444521
-8.1699466e-05
0.013516547
-7.2025528e-05
0.013579375
-6.2828863e-05
0.013633462
-5.4086804e-05
0.013679315
-4.5853498e-05
0.013717531
-3.8216173e-05
0.013748794
-3.1263113e-05
0.013773862
-2.5067679e-05
0.01379354
-1.9677948e-05
0.013808648
-1.5108045e-05
0.013819983
-1.1335371e-05
0.013828287
-8.3045269e-06
0.013834223
-5.9360809e-06
0.01383836
-4.1365252e-06
0.013841167
-2.8075656e-06
0.013843021
-1.8540111e-06
0.01384421
-1.1895375e-06
0.01384495
-7.4015189e-07
0.013845396
-4.4547458e-07
0.013845654
-2.583566e-07
0.013845798
-1.4357473e-07
0.013845873
-7.5761352e-08
0.013845911
-3.7390909e-08
0.013845928
-1.6713272e-08
0.013845934
-6.2519486e-09
0.013845936
-1.4171851e-09
0.013845935
5.1078408e-10
0.013845935
1.0535116e-09
0.013845934
1.0189981e-09
0.013845933
7.9726076e-10
0.013845933
5.6450567e-10
0.013845932
3.7623642e-10
0.013845932
2.4729751e-10
0.013845932
1.6241241e-10
0.013845932
1.1357693e-10
0.013845932
8.2712987e-11
0.013845932
6.7780754e-11
0.013845932
5.5608931e-11
0.013845932
5.1496869e-11
0.013845932
4.304051e-11
0.013845932
4.3451257e-11
0.013845932
3.2678334e-11
0.013845933
3.9157883e-11
0.013845933
2.0143586e-11
0.013845933
4.0508516e-11
0.013845933
2.1385756e-12
0.013845933
5.2109625e-11
0.013845933
-2.7461223e-11
0.013845933
8.0430814e-11
0.013845933
-7.4433547e-11
0.013845933
1.2952915e-10
0.013845933
-1.3824348e-10
0.013845933
1.9031058e-10
0.013845933
-1.9617142e-10
0.013845933
2.2136739e-10
0.013845933
-1.8474617e-10
0.013845933
1.3699767e-10
0.013845933
-3.3593943e-12
0.013845933
-1.592426e-10
0.013845932
4.0573683e-10
0.013845933
-6.4080107e-10
0.013845932
8.8744402e-10
0.013845933
-9.9517894e-10
0.013845932
9.744912e-10
0.013845933
-6.6901995e-10
0.013845933
1.6966246e-10
0.013845932
5.6602809e-10
0.013845933
-1.2531262e-09
0.013845932
1.7553893e-09
0.013845934
-1.8542794e-09
0.013845932
1.3758568e-09
0.013845933
-7.4774378e-10
0.013845934
-4.9069728e-10
0.013845933
5.3062504e-10
0.013845935
-1.5547159e-09
0.013845936
-7.3634624e-10
0.013845937
-1.5375146e-09
0.013845941
-3.9024325e-09
0.013845945
-4.2530126e-09
0.013845953
-7.6940643e-09
0.013845964
-1.1306437e-08
0.013845979
-1.4225538e-08
-1.8924676e-08
0.010097181
-0.00016557401
0.010346952
-0.00044877077
0.010662444
-0.00059794555
0.010982701
-0.00062888992
0.011290123
-0.0006161
0.011575054
-0.00058357662
0.011828667
-0.00053443253
0.012047252
-0.00047523712
0.01223229
-0.00041504369
0.012387732
-0.00035985531
0.012517986
-0.00031172125
0.012627234
-0.00027057438
0.012719182
-0.00023572844
0.012796918
-0.00020624691
0.012862861
-0.00018101477
0.012918836
-0.00015898368
0.012966237
-0.00013936634
0.013006146
-0.00012160802
0.013039421
-0.0001053012
0.013066781
-9.0188779e-05
0.01308888
-7.6184931e-05
0.013106356
-6.3329812e-05
0.013119851
-5.1711211e-05
0.013129997
-4.1409254e-05
0.013137402
-3.2472588e-05
0.013142631
-2.4906639e-05
0.013146189
-1.8665998e-05
0.013148509
-1.3655873e-05
0.013149948
-9.743256e-06
0.013150785
-6.7726134e-06
0.013151229
-4.5810919e-06
0.013151433
-3.0111374e-06
0.013151499
-1.9197748e-06
0.013151493
-1.1842701e-06
0.013151458
-7.0436942e-07
0.013151414
-4.0181926e-07
0.013151374
-2.180245e-07
0.013151341
-1.1092991e-07
0.013151317
-5.1502513e-08
0.0131513
-2.0583917e-08
0.013151289
-5.656211e-09
0.013151282
6.8288161e-10
0.013151278
2.703921e-09
0.013151276
2.8232563e-09
0.013151274
2.2657255e-09
0.013151274
1.5904575e-09
0.013151274
1.0228289e-09
0.013151274
6.1073334e-10
0.013151274
3.4454288e-10
0.013151274
1.8260485e-10
0.013151274
9.4634594e-11
0.013151274
4.7040403e-11
0.013151274
2.7021338e-11
0.013151274
1.6879708e-11
0.013151274
1.4699092e-11
0.013151274
1.3592615e-11
0.013151274
1.2606372e-11
0.013151274
1.4991071e-11
0.013151274
8.8800049e-12
0.013151274
1.8279496e-11
0.013151274
-1.4615134e-13
0.013151274
2.7762139e-11
0.013151274
-1.8802753e-11
0.013151274
5.0501413e-11
0.013151274
-5.5602324e-11
0.013151274
9.7183092e-11
0.013151274
-1.2087344e-10
0.013151274
1.7669475e-10
0.013151274
-2.1815788e-10
0.013151274
2.8219275e-10
0.013151274
-3.2219126e-10
0.013151274
3.6174638e-10
0.013151274
-3.4737713e-10
0.013151274
2.930595e-10
0.013151274
-1.4022002e-10
0.013151274
-8.8066249e-11
0.013151274
4.3187474e-10
0.013151274
-8.1459333e-10
0.013151274
1.2297004e-09
0.013151275
-1.5216876e-09
0.013151274
1.6336508e-09
0.013151275
-1.3907631e-09
0.013151274
7.9563374e-10
0.013151274
1.6292849e-10
0.013151274
-1.2646759e-09
0.013151274
2.1824739e-09
0.013151275
-2.7527105e-09
0.013151274
2.3871175e-09
0.013151275
-1.8680989e-09
0.013151274
6.6358725e-11
0.013151275
-3.6049009e-11
0.013151276
-2.0815249e-09
0.013151276
-1.2313939e-09
0.013151277
-2.9035028e-09
0.013151279
-6.0347583e-09
0.013151283
-7.4844991e-09
0.013151288
-1.3374421e-08
0.013151297
-2.010641e-08
0.01315131
-2.6473403e-08
-3.5265193e-08
0.010188704
-0.00035427758
0.010530485
-0.00079055199
0.010851449
-0.00091890946
0.011124157
-0.00090159854
0.011350539
-0.0008424821
0.011524413
-0.0007574506
0.011646208
-0.00065622664
0.011723989
-0.00055301869
0.011767824
-0.0004588787
0.01178646
-0.00037849066
0.011786904
-0.00031216564
0.011774825
-0.00025849508
0.011754668
-0.000215572
0.0117297
-0.00018127941
0.011702214
-0.00015352821
0.011673801
-0.00013057139
0.011645571
-0.000111136
0.011618298
-9.4334557e-05
0.011592536
-7.9539371e-05
0.011568697
-6.6349243e-05
0.01154708
-5.4567831e-05
0.011527885
-4.4135159e-05
0.011511212
-3.5038322e-05
0.011497061
-2.72584e-05
0.011485337
-2.0748377e-05
0.011475863
-1.5432163e-05
0.011468399
-1.1202727e-05
0.011462671
-7.9279472e-06
0.01145839
-5.4621381e-06
0.011455276
-3.6580948e-06
0.011453072
-2.3768513e-06
0.011451555
-1.4945852e-06
0.011450542
-9.0635071e-07
0.011449885
-5.2735821e-07
0.011449473
-2.9206686e-07
0.011449223
-1.5191185e-07
0.011449077
-7.2317335e-08
0.011448996
-2.9639144e-08
0.011448953
-8.4079072e-09
0.011448932
3.0925648e-10
0.011448923
3.5367216e-09
0.011448919
3.9426911e-09
0.011448919
3.2588472e-09
0.011448919
2.3320189e-09
0.01144892
1.5145822e-09
0.011448921
9.0439949e-10
0.011448921
4.9777451e-10
0.011448922
2.4724556e-10
0.011448922
1.0638658e-10
0.011448922
3.2970927e-11
0.011448922
-8.4424876e-14
0.011448922
-1.3068952e-11
0.011448922
-1.4214843e-11
0.011448922
-1.289041e-11
0.011448922
-9.4874852e-12
0.011448923
-6.4348541e-12
0.011448923
-5.095161e-12
0.011448923
-1.1072756e-12
0.011448923
-4.5488926e-12
0.011448923
3.9958219e-12
0.011448923
-8.5980568e-12
0.011448923
1.3388205e-11
0.011448923
-2.10577e-11
0.011448923
3.309137e-11
0.011448923
-4.8611234e-11
0.011448923
7.2658304e-11
0.011448923
-1.0185554e-10
0.011448923
1.4262919e-10
0.011448923
-1.8819103e-10
0.011448923
2.4434677e-10
0.011448923
-2.9680075e-10
0.011448923
3.4687774e-10
0.011448923
-3.6884644e-10
0.011448923
3.5809502e-10
0.011448923
-2.7872703e-10
0.011448923
1.2652367e-10
0.011448923
1.2974819e-10
0.011448922
-4.4986619e-10
0.011448923
8.3632976e-10
0.011448923
-1.19219e-09
0.011448923
1.4574871e-09
0.011448923
-1.4959154e-09
0.011448922
1.2449091e-09
0.011448923
-6.7553031e-10
0.011448922
-1.6955752e-10
0.011448923
1.0202194e-09
0.011448922
-1.8536632e-09
0.011448923
1.9788359e-09
0.011448923
-2.0963145e-09
0.011448922
9.0045524e-10
0.011448923
-1.1857155e-09
0.011448922
-1.0240525e-09
0.011448923
-1.8745881e-09
0.011448923
-2.7838074e-09
0.011448923
-5.9690538e-09
0.011448923
-7.867232e-09
0.011448924
-1.4369363e-08
0.011448926
-2.2515829e-08
0.011448932
-3.2355412e-08
-4.3787808e-08
0.010339525
-0.00069380235
0.010570768
-0.0010217954
0.010606337
-0.00095447792
0.010547624
-0.00084288556
0.010422402
-0.00071726019
0.010244525
-0.00057957338
0.010039744
-0.00045144553
0.0098293614
-0.00034263633
0.009626217
-0.00025573434
0.009437046
-0.00018931965
0.0092651719
-0.00014029168
0.0091118065
-0.00010512975
0.008976651
-8.041669e-05
0.008858503
-6.3131487e-05
0.0087558265
-5.0851845e-05
0.0086670832
-4.1828124e-05
0.0085908439
-3.489663e-05
0.008525821
-2.9311484e-05
0.0084708808
-2.4598914e-05
0.0084250119
-2.0480181e-05
0.0083872655
-1.6821261e-05
0.0083567093
-1.3578943e-05
0.0083324178
-1.0746799e-05
0.0083134844
-8.3250755e-06
0.0082990391
-6.30321e-06
0.0082882653
-4.6584357e-06
0.0082804196
-3.357034e-06
0.0082748479
-2.3562349e-06
0.0082709943
-1.6085275e-06
0.0082684025
-1.0662653e-06
0.0082667105
-6.8481849e-07
0.008265641
-4.2494502e-07
0.0082649884
-2.5372433e-07
0.008264606
-1.4485744e-07
0.0082643923
-7.8289433e-08
0.0082642797
-3.9340001e-08
0.0082642251
-1.7687136e-08
0.0082642018
-6.3114826e-09
0.0082641946
-1.2724728e-09
0.0082641942
7.406679e-10
0.0082641963
1.400307e-09
0.0082641989
1.3416234e-09
0.0082642012
1.0317167e-09
0.0082642028
7.0414678e-10
0.0082642039
4.3586461e-10
0.0082642045
2.4847694e-10
0.0082642049
1.255941e-10
0.0082642051
5.4820967e-11
0.0082642052
1.4253078e-11
0.0082642053
-1.2293282e-12
0.0082642053
-1.0830826e-11
0.0082642053
-1.1072104e-11
0.0082642053
-1.2514143e-11
0.0082642053
-8.7045636e-12
0.0082642053
-9.0982965e-12
0.0082642053
-5.1184136e-12
0.0082642053
-6.4675817e-12
0.0082642053
-2.3758702e-12
0.0082642053
-5.4848564e-12
0.0082642053
3.2786888e-13
0.0082642053
-6.7105011e-12
0.0082642053
5.086747e-12
0.0082642053
-1.174678e-11
0.0082642054
1.4425968e-11
0.0082642053
-2.3877507e-11
0.0082642054
3.2978341e-11
0.0082642053
-4.853276e-11
0.0082642054
6.7062535e-11
0.0082642053
-9.1364396e-11
0.0082642054
1.1994659e-10
0.0082642053
-1.5126002e-10
0.0082642054
1.8269989e-10
0.0082642053
-2.0689291e-10
0.0082642054
2.1749608e-10
0.0082642053
-2.0197602e-10
0.0082642053
1.5130354e-10
0.0082642055
-5.3294841e-11
0.0082642051
-8.4470508e-11
0.0082642057
2.7360225e-10
0.008264205
-4.7932403e-10
0.0082642058
6.7318476e-10
0.0082642051
-7.9864233e-10
0.0082642055
8.0375305e-10
0.0082642055
-6.6920281e-10
0.008264205
3.6234137e-10
0.008264206
-1.9048308e-11
0.0082642046
-4.3762612e-10
0.0082642059
6.3970471e-10
0.0082642047
-9.4208157e-10
0.0082642051
5.939272e-10
0.0082642048
-9.3706014e-10
0.008264204
-1.3346923e-10
0.0082642035
-1.416576e-09
0.008264202
-1.3665313e-09
0.0082641997
-3.7234493e-09
0.0082641962
-4.4718928e-09
0.008264191
-9.1277698e-09
0.0082641828
-1.4170791e-08
0.0082641748
-2.4237501e-08
-3.461127e-08
0.0093061977
0.0082844023
0.0073299243
0.0064870388
0.0057697786
0.0051902053
0.0047387599
0.0043961236
0.0041403892
0.0039510695
0.0038107777
0.0037056479
0.0036252311
0.0035620996
0.0035112477
0.0034694196
0.0034345231
0.0034052117
0.0033806129
0.0033601328
0.0033433116
0.0033297327
0.0033189858
0.0033106607
0.0033043574
0.003299699
0.0032963419
0.0032939857
0.0032923772
0.0032913109
0.0032906262
0.0032902012
0.0032899476
0.0032898027
0.0032897245
0.0032896851
0.0032896674
0.0032896611
0.0032896599
0.0032896606
0.003289662
0.0032896633
0.0032896644
0.0032896651
0.0032896655
0.0032896657
0.0032896659
0.0032896659
0.003289666
0.003289666
0.0032896659
0.0032896659
0.0032896659
0.0032896659
0.0032896659
0.0032896659
0.0032896659
0.0032896659
0.0032896659
0.0032896659
0.0032896659
0.0032896659
0.0032896659
0.0032896659
0.0032896659
0.0032896659
0.0032896659
0.0032896659
0.0032896658
0.003289666
0.0032896658
0.003289666
0.0032896658
0.003289666
0.0032896658
0.003289666
0.0032896659
0.0032896658
0.0032896661
0.0032896656
0.0032896663
0.0032896655
0.0032896663
0.0032896656
0.003289666
0.003289666
0.0032896655
0.0032896661
0.0032896652
0.0032896658
0.0032896649
0.0032896648
0.0032896633
0.0032896619
0.0032896581
0.0032896537
0.0032896446
0.0032896305
0.0032896063
)
;

boundaryField
{
    top
    {
        type            calculated;
        value           uniform 0;
    }
    inlet
    {
        type            calculated;
        value           nonuniform List<scalar> 10(-0.01 -0.01 -0.01 -0.01 -0.01 -0.01 -0.01 -0.01 -0.01 -0.01);
    }
    outlet
    {
        type            calculated;
        value           nonuniform List<scalar> 10(0.0032895714 0.0082641652 0.011448941 0.013151326 0.013845998 0.013845998 0.013151326 0.011448941 0.0082641656 0.0032895717);
    }
    bottom
    {
        type            calculated;
        value           uniform 0;
    }
    back
    {
        type            empty;
        value           nonuniform 0();
    }
    front
    {
        type            empty;
        value           nonuniform 0();
    }
}


// ************************************************************************* //
