/*--------------------------------*- C++ -*----------------------------------*\
| =========                 |                                                 |
| \\      /  F ield         | OpenFOAM: The Open Source CFD Toolbox           |
|  \\    /   O peration     | Version:  v1812                                 |
|   \\  /    A nd           | Web:      www.OpenFOAM.com                      |
|    \\/     M anipulation  |                                                 |
\*---------------------------------------------------------------------------*/
FoamFile
{
    version     2.0;
    format      ascii;
    class       surfaceScalarField;
    location    "19.4";
    object      phi;
}
// * * * * * * * * * * * * * * * * * * * * * * * * * * * * * * * * * * * * * //

dimensions      [0 3 -1 0 0 0 0];
oriented        oriented;


internalField   nonuniform List<scalar> 
1890
(
0.0093061958
0.00069380425
0.0082843931
0.0010218027
0.0073298986
0.00095449446
0.0064869553
0.00084294331
0.0057695845
0.00071737078
0.00518986
0.00057972443
0.004738168
0.00045169205
0.00439519
0.00034297802
0.0041390268
0.00025616318
0.003949107
0.00018991983
0.003807888
0.00014121897
0.0037013782
0.0001065098
0.003619058
8.2320219e-05
0.0035534117
6.5646243e-05
0.0034992845
5.4127248e-05
0.0034532444
4.6040037e-05
0.0034130502
4.0194282e-05
0.0033772574
3.5792748e-05
0.0033449386
3.2318757e-05
0.0033154894
2.9449282e-05
0.0032885008
2.6988583e-05
0.0032636805
2.4820307e-05
0.003240805
2.2875484e-05
0.0032196926
2.1112417e-05
0.0032001879
1.9504651e-05
0.0031821539
1.8034006e-05
0.0031654672
1.6686718e-05
0.0031500158
1.5451355e-05
0.0031356979
1.4317859e-05
0.0031224209
1.3277069e-05
0.0031101003
1.2320594e-05
0.0030986596
1.1440724e-05
0.0030880292
1.0630439e-05
0.0030781458
9.8833689e-06
0.003068952
9.1937713e-06
0.0030603955
8.5564918e-06
0.0030524286
7.9669097e-06
0.0030450077
7.4208933e-06
0.0030380929
6.9147391e-06
0.0030316478
6.445118e-06
0.0030256388
6.0090527e-06
0.0030200349
5.6038447e-06
0.0030148079
5.227074e-06
0.0030099313
4.8765398e-06
0.0030053811
4.5502504e-06
0.0030011347
4.2464018e-06
0.0029971713
3.963336e-06
0.0029934717
3.6995568e-06
0.002990018
3.4536771e-06
0.0029867936
3.2244181e-06
0.002983783
3.0106169e-06
0.0029809718
2.8111743e-06
0.0029783468
2.6250932e-06
0.0029758953
2.451443e-06
0.002973606
2.2893584e-06
0.0029714679
2.1380624e-06
0.0029694711
1.9968108e-06
0.0029676061
1.8649545e-06
0.0029658642
1.7418593e-06
0.0029642373
1.6269404e-06
0.0029627176
1.5196528e-06
0.0029612982
1.4194678e-06
0.0029599723
1.3259074e-06
0.0029587338
1.2385121e-06
0.002957577
1.1568621e-06
0.0029564964
1.080585e-06
0.002955487
1.009325e-06
0.0029545442
9.4276821e-07
0.0029536635
8.8063437e-07
0.0029528409
8.2261859e-07
0.0029520724
7.6846717e-07
0.0029513546
7.1789811e-07
0.002950684
6.7064945e-07
0.0029500575
6.2648554e-07
0.0029494724
5.8519214e-07
0.0029489258
5.465802e-07
0.0029484152
5.1051227e-07
0.0029479383
4.7681348e-07
0.0029474929
4.4539878e-07
0.0029470768
4.1607755e-07
0.002946688
3.8875256e-07
0.0029463249
3.6320956e-07
0.0029459856
3.393564e-07
0.0029456687
3.1698406e-07
0.0029453726
2.9608187e-07
0.0029450962
2.7642262e-07
0.0029448379
2.5821284e-07
0.0029445967
2.4105844e-07
0.0029443712
2.2532761e-07
0.0029441609
2.1041216e-07
0.0029439642
1.9684741e-07
0.0029437803
1.8377549e-07
0.0029436083
1.7211505e-07
0.002943448
1.6037717e-07
0.0029432978
1.5018688e-07
0.0029431574
1.4029432e-07
0.0029430254
1.3210878e-07
0.0029429003
1.2511172e-07
0.0029427808
1.194141e-07
1.2577285e-07
0.010339525
0.00035427931
0.010570754
0.00079057333
0.010606301
0.00091894817
0.010547572
0.00090167133
0.010422317
0.0008426262
0.010244356
0.00075768557
0.010039421
0.00065662743
0.0098287427
0.00055365586
0.009625135
0.00045977083
0.0094353013
0.00037975353
0.0092624277
0.00031409258
0.0091075333
0.00026140425
0.008970154
0.00021969948
0.0088489024
0.00018689785
0.0087419716
0.00016105801
0.0086474927
0.00014051893
0.008563694
0.00012399295
0.0084890108
0.00011047599
0.0084221097
9.9219866e-05
0.0083618776
8.9681404e-05
0.0083073955
8.1470668e-05
0.0082579079
7.4307847e-05
0.0082127929
6.7990494e-05
0.0081715354
6.2369983e-05
0.008133705
5.7335005e-05
0.0080989388
5.2800172e-05
0.0080669273
4.8698255e-05
0.0080374037
4.4974949e-05
0.0080101362
4.1585386e-05
0.0079849214
3.8491846e-05
0.0079615798
3.5662154e-05
0.0079399519
3.3068611e-05
0.0079198952
3.0687171e-05
0.0079012817
2.8496848e-05
0.0078839962
2.6479237e-05
0.0078679346
2.4618137e-05
0.0078530023
2.2899235e-05
0.0078391133
2.1309838e-05
0.0078261894
1.9838656e-05
0.0078141589
1.8475608e-05
0.0078029563
1.7211664e-05
0.0077925214
1.6038724e-05
0.007782799
1.4949477e-05
0.0077737382
1.3937334e-05
0.0077652922
1.2996316e-05
0.0077574175
1.2120996e-05
0.0077500744
1.1306445e-05
0.0077432258
1.0548142e-05
0.0077368375
9.8419668e-06
0.0077308778
9.1841306e-06
0.0077253173
8.5711423e-06
0.0077201287
7.9998108e-06
0.0077152866
7.467163e-06
0.0077107676
6.9704809e-06
0.0077065497
6.5072458e-06
0.0077026126
6.0751309e-06
0.0076989374
5.6720108e-06
0.0076955064
5.2958943e-06
0.0076923033
4.9449549e-06
0.0076893128
4.6174697e-06
0.0076865207
4.3118346e-06
0.0076839136
4.0265689e-06
0.0076814792
3.7602644e-06
0.0076792061
3.5116431e-06
0.0076770834
3.279504e-06
0.0076751012
3.0627422e-06
0.0076732502
2.8603532e-06
0.0076715215
2.6713909e-06
0.0076699072
2.4949738e-06
0.0076683996
2.3302873e-06
0.0076669916
2.1765259e-06
0.0076656765
2.0329413e-06
0.0076644483
1.8988389e-06
0.0076633013
1.7735446e-06
0.0076622299
1.6564953e-06
0.0076612293
1.5471328e-06
0.0076602948
1.4450075e-06
0.007659422
1.3496371e-06
0.0076586068
1.2606465e-06
0.0076578453
1.1775468e-06
0.0076571341
1.1000362e-06
0.0076564698
1.0275328e-06
0.0076558493
9.598978e-07
0.0076552697
8.9649911e-07
0.0076547283
8.3743744e-07
0.0076542228
7.8189408e-07
0.0076537505
7.3046393e-07
0.0076533094
6.8214328e-07
0.0076528972
6.3761128e-07
0.0076525127
5.9496664e-07
0.0076521529
5.5670358e-07
0.0076518171
5.1953672e-07
0.0076515027
4.8640683e-07
0.0076512105
4.5244751e-07
0.0076509355
4.2509964e-07
0.0076506807
3.9526588e-07
0.0076504386
3.7433275e-07
0.0076502165
3.4709488e-07
0.0076499999
3.3606883e-07
3.1077407e-07
0.010188704
0.00016557515
0.010530487
0.00044879097
0.010851453
0.00059798174
0.011124174
0.00062895021
0.011350581
0.00061621883
0.011524486
0.00058378053
0.01164633
0.00053478419
0.011724155
0.00047583049
0.011767999
0.00041592665
0.011786639
0.00036111399
0.011787114
0.0003136171
0.011775058
0.00027346024
0.011754861
0.00023989717
0.011729768
0.00021199029
0.011702054
0.00018877259
0.011673239
0.00016933387
0.011644339
0.00015289295
0.011616003
0.00013881182
0.011588629
0.00012659379
0.011562446
0.00011586444
0.011537572
0.00010634493
0.011514052
9.782699e-05
0.01149189
9.0153352e-05
0.011471056
8.3203356e-05
0.011451509
7.6882602e-05
0.011433193
7.111555e-05
0.011416051
6.5840284e-05
0.011400021
6.1004899e-05
0.011385042
5.6565064e-05
0.011371051
5.2482332e-05
0.01135799
4.8723024e-05
0.011345801
4.5257384e-05
0.01133443
4.2058989e-05
0.011323822
3.9104266e-05
0.011313929
3.6372113e-05
0.011304704
3.3843597e-05
0.011296101
3.1501681e-05
0.01128808
2.9331006e-05
0.011280601
2.7317692e-05
0.011273628
2.5449172e-05
0.011267125
2.371405e-05
0.011261062
2.2101954e-05
0.011255408
2.0603457e-05
0.011250135
1.9209946e-05
0.011245218
1.791356e-05
0.011240632
1.6707103e-05
0.011236354
1.5583971e-05
0.011232365
1.4538107e-05
0.011228643
1.3563927e-05
0.01122517
1.2656296e-05
0.011221931
1.1810487e-05
0.011218909
1.1022109e-05
0.011216089
1.0287134e-05
0.011213457
9.6018188e-06
0.011211002
8.9627093e-06
0.01120871
8.36662e-06
0.011206572
7.8105879e-06
0.011204576
7.2918766e-06
0.011202713
6.8079197e-06
0.011200974
6.3563476e-06
0.011199351
5.9349592e-06
0.011197836
5.5416799e-06
0.011196422
5.1746181e-06
0.011195101
4.8319839e-06
0.011193868
4.5121431e-06
0.011192718
4.2135651e-06
0.011191643
3.9348327e-06
0.01119064
3.674627e-06
0.011189703
3.4317189e-06
0.011188829
3.2049281e-06
0.011188012
2.9931964e-06
0.011187249
2.7954717e-06
0.011186537
2.6108293e-06
0.011185873
2.4383769e-06
0.011185252
2.2773369e-06
0.011184672
2.1269243e-06
0.01118413
1.9865113e-06
0.011183625
1.855368e-06
0.011183152
1.7329905e-06
0.011182711
1.618639e-06
0.011182299
1.5119374e-06
0.011181915
1.412122e-06
0.011181556
1.3190632e-06
0.01118122
1.2318405e-06
0.011180907
1.1506947e-06
0.011180614
1.074519e-06
0.011180341
1.0041014e-06
0.011180086
9.3726176e-07
0.011179847
8.7619521e-07
0.011179625
8.1775689e-07
0.011179416
7.6531388e-07
0.011179222
7.1274254e-07
0.01117904
6.6812091e-07
0.011178872
6.2104329e-07
0.011178712
5.852847e-07
0.011178566
5.4112417e-07
0.011178425
5.1519183e-07
0.0111783
4.7225958e-07
0.011178177
4.5902805e-07
4.1607925e-07
0.010097182
6.8393549e-05
0.010346961
0.0001990111
0.010662469
0.00028247385
0.010982753
0.00030866646
0.011290229
0.00030874339
0.011575251
0.00029875786
0.011829022
0.00028101344
0.012047865
0.00025698754
0.012233272
0.00023051981
0.01238924
0.00020514589
0.012520295
0.00018256234
0.012630755
0.00016299955
0.012724428
0.00014622489
0.012804515
0.0001319031
0.012873613
0.00011967425
0.012933772
0.0001091746
0.012986596
0.00010006906
0.013033332
9.2076356e-05
0.01307495
8.4975243e-05
0.013112216
7.8598603e-05
0.013145739
7.2822291e-05
0.013176012
6.7553925e-05
0.013203441
6.2723909e-05
0.013228366
5.8278883e-05
0.013251071
5.4176978e-05
0.013271802
5.0384422e-05
0.01329077
4.6873152e-05
0.013308155
4.3619169e-05
0.013324119
4.0601451e-05
0.0133388
3.7801275e-05
0.013352321
3.5201748e-05
0.013364791
3.2787526e-05
0.013376306
3.0544586e-05
0.01338695
2.8460081e-05
0.0133968
2.6522214e-05
0.013405923
2.4720129e-05
0.013414381
2.3043835e-05
0.013422228
2.1484133e-05
0.013429513
2.0032548e-05
0.013436281
1.8681261e-05
0.013442572
1.7423056e-05
0.013448423
1.6251276e-05
0.013453866
1.5159761e-05
0.013458933
1.4142827e-05
0.013463652
1.3195216e-05
0.013468047
1.2312061e-05
0.013472142
1.1488859e-05
0.013475959
1.072143e-05
0.013479517
1.0005904e-05
0.013482834
9.3386866e-06
0.013485928
8.7164377e-06
0.013488814
8.1360718e-06
0.013491507
7.5947019e-06
0.013494019
7.0896665e-06
0.013496363
6.6184921e-06
0.013498551
6.17888e-06
0.013500593
5.768688e-06
0.013502499
5.3859133e-06
0.013504278
5.0287028e-06
0.013505939
4.6953259e-06
0.01350749
4.3841642e-06
0.013508938
4.0937305e-06
0.01351029
3.8226184e-06
0.013511552
3.5695393e-06
0.013512731
3.3332836e-06
0.013513832
3.11273e-06
0.01351486
2.9068359e-06
0.01351582
2.7146137e-06
0.013516716
2.5351516e-06
0.013517554
2.367592e-06
0.013518336
2.2111229e-06
0.013519066
2.0650087e-06
0.013519748
1.9285694e-06
0.013520386
1.8011479e-06
0.013520981
1.6821887e-06
0.013521537
1.571091e-06
0.013522056
1.4673883e-06
0.013522541
1.370524e-06
0.013522994
1.2801113e-06
0.013523417
1.1955902e-06
0.013523812
1.1167285e-06
0.013524181
1.0429376e-06
0.013524526
9.7417865e-07
0.013524848
9.0970645e-07
0.013525148
8.4991956e-07
0.01352543
7.9368094e-07
0.013525693
7.416084e-07
0.013525937
6.9214295e-07
0.013526166
6.4740768e-07
0.01352638
6.0401057e-07
0.013526581
5.6506111e-07
0.013526767
5.2575287e-07
0.013526941
4.937888e-07
0.013527104
4.585226e-07
0.013527257
4.3257264e-07
0.013527399
3.988115e-07
0.013527533
3.8081811e-07
0.013527658
3.4712277e-07
0.013527779
3.3801228e-07
3.0563299e-07
0.010068394
-5.0931286e-12
0.010267405
-1.317992e-11
0.010549879
-1.4261486e-11
0.010858545
-1.2283894e-11
0.011167288
-9.6344606e-12
0.011466046
-9.6191419e-12
0.01174706
-1.0407613e-11
0.012004047
-1.1913031e-11
0.012234567
-1.3430077e-11
0.012439713
-1.5243518e-11
0.012622275
-1.5767981e-11
0.012785275
-1.4660382e-11
0.0129315
-1.3444022e-11
0.013063403
-1.1769195e-11
0.013183077
-1.0404913e-11
0.013292252
-1.0195563e-11
0.013392321
-1.0509992e-11
0.013484397
-1.0283843e-11
0.013569373
-8.1616979e-12
0.013647971
-6.9287872e-12
0.013720793
-9.2288802e-12
0.013788347
-1.3597301e-11
0.013851071
-1.4110315e-11
0.01390935
-1.237699e-11
0.013963527
-9.8500811e-12
0.014013912
-8.7774339e-12
0.014060785
-1.0570951e-11
0.014104404
-1.0865081e-11
0.014145005
-6.9955375e-12
0.014182807
-4.1568211e-12
0.014218009
-3.3091694e-12
0.014250796
-6.2938717e-12
0.014281341
-1.0325253e-11
0.014309801
-1.3333738e-11
0.014336323
-1.3721175e-11
0.014361043
-1.1413441e-11
0.014384087
-8.0747345e-12
0.014405571
-6.4202885e-12
0.014425604
-5.1124297e-12
0.014444285
-2.3795967e-12
0.014461708
1.4430432e-13
0.014477959
4.7648884e-14
0.014493119
-2.1913825e-12
0.014507262
-8.0834648e-12
0.014520457
-1.3864535e-11
0.014532769
-1.7668799e-11
0.014544258
-1.8449197e-11
0.014554979
-1.3735323e-11
0.014564985
-3.9392718e-12
0.014574324
9.4371408e-12
0.014583041
1.685099e-11
0.014591177
1.3534679e-11
0.014598771
5.2886766e-12
0.014605861
-9.8589501e-12
0.014612479
-2.3863827e-11
0.014618658
-2.7599039e-11
0.014624427
-1.9709766e-11
0.014629813
-8.2868461e-12
0.014634842
4.8632301e-12
0.014639537
1.5684429e-11
0.014643921
1.7538631e-11
0.014648015
1.1345831e-11
0.014651837
3.2691223e-12
0.014655407
-7.0589654e-12
0.01465874
-1.6045814e-11
0.014661853
-1.5714887e-11
0.01466476
-8.218616e-12
0.014667474
6.8025254e-12
0.01467001
2.6464419e-11
0.014672377
3.5445408e-11
0.014674588
3.4551033e-11
0.014676653
1.8090962e-11
0.014678582
-1.4006386e-13
0.014680383
-2.3072741e-11
0.014682065
-3.7425258e-11
0.014683637
-2.8699023e-11
0.014685104
-5.4714519e-12
0.014686474
3.22077e-11
0.014687754
5.8097747e-11
0.014688951
4.8746802e-11
0.014690066
2.1954871e-11
0.014691109
1.0200241e-12
0.014692084
-3.907682e-11
0.014692994
-6.5430372e-11
0.014693843
-3.181957e-11
0.014694636
1.6387861e-11
0.01469538
2.221015e-11
0.014696072
2.9692296e-11
0.014696717
1.1518524e-10
0.014697321
7.860554e-11
0.014697888
-6.8295497e-11
0.014698414
-1.3402194e-10
0.014698906
-8.5464498e-11
0.014699365
7.0707376e-11
0.014699799
1.0211221e-10
0.014700197
1.1406448e-11
0.014700577
-1.4617433e-11
0.014700924
-3.1602689e-11
0.014701263
-7.9474591e-11
-7.2023577e-11
0.010068394
-6.8393558e-05
0.010267405
-0.00019901113
0.010549879
-0.00028247388
0.010858545
-0.00030866649
0.011167288
-0.00030874342
0.011466046
-0.00029875789
0.01174706
-0.00028101346
0.012004047
-0.00025698756
0.012234567
-0.00023051983
0.012439713
-0.00020514591
0.012622275
-0.00018256236
0.012785275
-0.00016299958
0.0129315
-0.00014622491
0.013063403
-0.00013190313
0.013183077
-0.00011967427
0.013292252
-0.00010917462
0.013392321
-0.00010006908
0.013484397
-9.2076369e-05
0.013569373
-8.4975254e-05
0.013647971
-7.8598616e-05
0.013720793
-7.2822309e-05
0.013788347
-6.7553945e-05
0.013851071
-6.2723934e-05
0.01390935
-5.8278906e-05
0.013963527
-5.4176995e-05
0.014013912
-5.0384441e-05
0.014060785
-4.6873173e-05
0.014104404
-4.3619186e-05
0.014145005
-4.0601463e-05
0.014182807
-3.7801281e-05
0.014218008
-3.5201757e-05
0.014250796
-3.2787539e-05
0.014281341
-3.0544605e-05
0.014309801
-2.8460105e-05
0.014336323
-2.6522235e-05
0.014361043
-2.4720145e-05
0.014384087
-2.3043849e-05
0.014405571
-2.1484148e-05
0.014425604
-2.0032559e-05
0.014444285
-1.8681265e-05
0.014461708
-1.7423058e-05
0.014477959
-1.6251275e-05
0.014493119
-1.5159763e-05
0.014507262
-1.414284e-05
0.014520457
-1.3195241e-05
0.014532769
-1.2312096e-05
0.014544258
-1.1488893e-05
0.014554979
-1.0721454e-05
0.014564985
-1.0005907e-05
0.014574324
-9.3386711e-06
0.01458304
-8.7164192e-06
0.014591177
-8.136052e-06
0.014598771
-7.5946971e-06
0.014605861
-7.0896831e-06
0.014612479
-6.618525e-06
0.014618658
-6.1789164e-06
0.014624427
-5.7687144e-06
0.014629813
-5.3859302e-06
0.014634842
-5.0287029e-06
0.014639537
-4.6953041e-06
0.014643921
-4.3841404e-06
0.014648015
-4.0937086e-06
0.014651837
-3.8226102e-06
0.014655407
-3.5695438e-06
0.01465874
-3.3333053e-06
0.014661853
-3.1127574e-06
0.01466476
-2.9068477e-06
0.014667474
-2.7146046e-06
0.01467001
-2.5351209e-06
0.014672377
-2.3675376e-06
0.014674588
-2.2110815e-06
0.014676653
-2.0649834e-06
0.014678582
-1.9285713e-06
0.014680383
-1.8011798e-06
0.014682065
-1.6822256e-06
0.014683637
-1.5711179e-06
0.014685104
-1.4673837e-06
0.014686474
-1.370482e-06
0.014687754
-1.2800556e-06
0.014688951
-1.1955415e-06
0.014690066
-1.1167076e-06
0.014691109
-1.0429505e-06
0.014692084
-9.7421822e-07
0.014692994
-9.0977687e-07
0.014693843
-8.4995402e-07
0.014694636
-7.9364805e-07
0.01469538
-7.4158551e-07
0.014696072
-6.9213181e-07
0.014696717
-6.4727597e-07
0.014697321
-6.0380159e-07
0.014697888
-5.6525564e-07
0.014698414
-5.2612177e-07
0.014698906
-4.9356996e-07
0.014699365
-4.5815791e-07
0.014699799
-4.3278531e-07
0.014700197
-3.9915145e-07
0.014700577
-3.8079646e-07
0.014700924
-3.4698931e-07
0.014701263
-3.3803834e-07
-3.0572203e-07
0.010097182
-0.00016557515
0.010346961
-0.000448791
0.010662469
-0.00059798177
0.010982753
-0.00062895025
0.011290229
-0.00061621886
0.011575251
-0.00058378055
0.011829022
-0.0005347842
0.012047865
-0.0004758305
0.012233272
-0.00041592666
0.01238924
-0.000361114
0.012520295
-0.00031361712
0.012630755
-0.00027346026
0.012724428
-0.00023989719
0.012804515
-0.00021199031
0.012873613
-0.00018877261
0.012933772
-0.00016933388
0.012986596
-0.00015289296
0.013033332
-0.00013881183
0.01307495
-0.00012659379
0.013112216
-0.00011586445
0.013145739
-0.00010634494
0.013176012
-9.7827005e-05
0.013203441
-9.0153368e-05
0.013228366
-8.3203371e-05
0.013251071
-7.6882619e-05
0.013271802
-7.1115567e-05
0.01329077
-6.5840298e-05
0.013308155
-6.1004911e-05
0.013324119
-5.6565071e-05
0.0133388
-5.2482339e-05
0.013352321
-4.8723028e-05
0.013364791
-4.5257392e-05
0.013376305
-4.2059001e-05
0.01338695
-3.9104278e-05
0.0133968
-3.6372128e-05
0.013405923
-3.3843615e-05
0.013414381
-3.15017e-05
0.013422228
-2.933102e-05
0.013429513
-2.7317701e-05
0.013436281
-2.5449176e-05
0.013442572
-2.3714044e-05
0.013448422
-2.210195e-05
0.013453866
-2.0603459e-05
0.013458933
-1.9209958e-05
0.013463652
-1.7913581e-05
0.013468047
-1.6707129e-05
0.013472142
-1.5583997e-05
0.013475958
-1.453812e-05
0.013479516
-1.3563932e-05
0.013482834
-1.2656297e-05
0.013485928
-1.1810475e-05
0.013488814
-1.1022099e-05
0.013491507
-1.0287128e-05
0.013494019
-9.6018227e-06
0.013496363
-8.9627271e-06
0.013498551
-8.3666473e-06
0.013500593
-7.8106224e-06
0.013502499
-7.291896e-06
0.013504278
-6.8079249e-06
0.013505939
-6.3563407e-06
0.01350749
-5.9349314e-06
0.013508938
-5.5416509e-06
0.01351029
-5.174594e-06
0.013511552
-4.8319798e-06
0.013512731
-4.512151e-06
0.013513832
-4.2135818e-06
0.01351486
-3.9348555e-06
0.01351582
-3.6746386e-06
0.013516716
-3.4317124e-06
0.013517554
-3.2049166e-06
0.013518336
-2.9931633e-06
0.013519066
-2.7954383e-06
0.013519748
-2.6108077e-06
0.013520385
-2.4383698e-06
0.013520981
-2.2773478e-06
0.013521537
-2.1269535e-06
0.013522056
-1.9865447e-06
0.013522541
-1.8553872e-06
0.013522994
-1.7329837e-06
0.013523417
-1.6186118e-06
0.013523812
-1.5118965e-06
0.013524181
-1.4120814e-06
0.013524526
-1.319048e-06
0.013524848
-1.2318533e-06
0.013525148
-1.1507647e-06
0.01352543
-1.0745621e-06
0.013525693
-1.0040563e-06
0.013525937
-9.3724511e-07
0.013526166
-8.7629868e-07
0.01352638
-8.1777695e-07
0.01352658
-7.6502978e-07
0.013526767
-7.1251729e-07
0.013526941
-6.6834331e-07
0.013527104
-6.2134262e-07
0.013527257
-5.8528281e-07
0.013527399
-5.4104025e-07
0.013527533
-5.1514883e-07
0.013527658
-4.7221556e-07
0.013527779
-4.5902037e-07
-4.1607665e-07
0.010188704
-0.00035427932
0.010530487
-0.00079057335
0.010851453
-0.0009189482
0.011124174
-0.00090167137
0.011350581
-0.00084262623
0.011524486
-0.00075768559
0.01164633
-0.00065662744
0.011724155
-0.00055365586
0.011767999
-0.00045977083
0.011786639
-0.00037975354
0.011787114
-0.00031409259
0.011775058
-0.00026140427
0.011754861
-0.00021969949
0.011729768
-0.00018689787
0.011702054
-0.00016105802
0.011673239
-0.00014051894
0.011644339
-0.00012399295
0.011616003
-0.00011047599
0.011588629
-9.9219868e-05
0.011562446
-8.9681405e-05
0.011537572
-8.1470672e-05
0.011514052
-7.4307852e-05
0.011491889
-6.7990501e-05
0.011471056
-6.2369993e-05
0.011451509
-5.7335016e-05
0.011433193
-5.2800185e-05
0.011416051
-4.8698266e-05
0.011400021
-4.4974955e-05
0.011385041
-4.1585392e-05
0.011371051
-3.8491848e-05
0.01135799
-3.5662157e-05
0.011345801
-3.3068613e-05
0.011334429
-3.0687174e-05
0.011323822
-2.8496852e-05
0.011313929
-2.6479244e-05
0.011304704
-2.461815e-05
0.011296101
-2.2899251e-05
0.01128808
-2.1309854e-05
0.011280601
-1.9838667e-05
0.011273628
-1.8475612e-05
0.011267125
-1.7211664e-05
0.011261062
-1.6038717e-05
0.011255408
-1.4949474e-05
0.011250135
-1.3937335e-05
0.011245218
-1.2996324e-05
0.011240632
-1.2121013e-05
0.011236354
-1.130646e-05
0.011232364
-1.0548158e-05
0.011228643
-9.84198e-06
0.01122517
-9.1841378e-06
0.011221931
-8.5711485e-06
0.011218909
-7.9998048e-06
0.011216089
-7.4671535e-06
0.011213457
-6.9704686e-06
0.011211002
-6.507238e-06
0.01120871
-6.0751412e-06
0.011206572
-5.6720313e-06
0.011204576
-5.2959243e-06
0.011202713
-4.9449779e-06
0.011200974
-4.6174787e-06
0.011199351
-4.3118295e-06
0.011197836
-4.0265411e-06
0.011196421
-3.7602321e-06
0.011195101
-3.5116121e-06
0.011193868
-3.279486e-06
0.011192718
-3.0627461e-06
0.011191643
-2.8603751e-06
0.01119064
-2.6714247e-06
0.011189703
-2.4950133e-06
0.011188829
-2.3303056e-06
0.011188012
-2.1765223e-06
0.011187249
-2.0329086e-06
0.011186537
-1.8987869e-06
0.011185872
-1.7734966e-06
0.011185252
-1.6564702e-06
0.011184672
-1.5471432e-06
0.01118413
-1.4450594e-06
0.011183625
-1.3497068e-06
0.011183152
-1.260711e-06
0.011182711
-1.1775674e-06
0.011182299
-1.1000024e-06
0.011181915
-1.0274647e-06
0.011181556
-9.5981089e-07
0.01118122
-8.9644189e-07
0.011180907
-8.3743522e-07
0.011180614
-7.819629e-07
0.011180341
-7.3056214e-07
0.011180086
-6.8219815e-07
0.011179847
-6.376668e-07
0.011179624
-5.9502853e-07
0.011179416
-5.5654014e-07
0.011179223
-5.1916011e-07
0.01117904
-4.8629879e-07
0.011178872
-4.5280424e-07
0.011178712
-4.2542457e-07
0.011178566
-3.9517598e-07
0.011178425
-3.7414812e-07
0.0111783
-3.47055e-07
0.011178177
-3.3599586e-07
-3.1069931e-07
0.010339525
-0.00069380425
0.010570754
-0.0010218027
0.010606301
-0.00095449448
0.010547572
-0.00084294333
0.010422317
-0.0007173708
0.010244356
-0.00057972444
0.010039421
-0.00045169205
0.0098287427
-0.00034297801
0.009625135
-0.00025616318
0.0094353013
-0.00018991983
0.0092624277
-0.00014121897
0.0091075332
-0.0001065098
0.008970154
-8.2320226e-05
0.0088489023
-6.5646249e-05
0.0087419716
-5.4127255e-05
0.0086474927
-4.6040044e-05
0.008563694
-4.0194286e-05
0.0084890108
-3.5792751e-05
0.0084221096
-3.2318757e-05
0.0083618775
-2.9449283e-05
0.0083073954
-2.698858e-05
0.0082579079
-2.4820304e-05
0.0082127929
-2.2875483e-05
0.0081715353
-2.1112419e-05
0.0081337049
-1.9504656e-05
0.0080989388
-1.8034017e-05
0.0080669272
-1.6686727e-05
0.0080374036
-1.5451365e-05
0.0080101361
-1.4317864e-05
0.0079849213
-1.3277073e-05
0.0079615798
-1.2320592e-05
0.0079399519
-1.144072e-05
0.0079198951
-1.0630433e-05
0.0079012816
-9.8833644e-06
0.0078839962
-9.1937719e-06
0.0078679345
-8.5564988e-06
0.0078530022
-7.9669235e-06
0.0078391132
-7.4209092e-06
0.0078261893
-6.9147516e-06
0.0078141588
-6.4451276e-06
0.0078029562
-6.0090526e-06
0.0077925214
-5.6038394e-06
0.0077827989
-5.227063e-06
0.0077737381
-4.8765287e-06
0.0077652921
-4.5502456e-06
0.0077574175
-4.246403e-06
0.0077500743
-3.9633489e-06
0.0077432258
-3.6995745e-06
0.0077368375
-3.4536959e-06
0.0077308778
-3.2244377e-06
0.0077253172
-3.0106244e-06
0.0077201286
-2.8111717e-06
0.0077152865
-2.625078e-06
0.0077107675
-2.4514179e-06
0.0077065496
-2.2893383e-06
0.0077026125
-2.1380512e-06
0.0076989373
-1.9968248e-06
0.0076955064
-1.8649812e-06
0.0076923033
-1.7418922e-06
0.0076893128
-1.6269695e-06
0.0076865206
-1.5196622e-06
0.0076839135
-1.4194567e-06
0.0076814791
-1.3258747e-06
0.007679206
-1.2384687e-06
0.0076770834
-1.1568261e-06
0.0076751012
-1.0805666e-06
0.0076732502
-1.0093381e-06
0.0076715216
-9.4281292e-07
0.0076699072
-8.8068729e-07
0.0076683996
-8.2266943e-07
0.0076669915
-7.6848671e-07
0.0076656765
-7.1787584e-07
0.0076644483
-6.7059655e-07
0.0076633012
-6.2641665e-07
0.0076622299
-5.851392e-07
0.0076612294
-5.4656838e-07
0.0076602948
-5.1054626e-07
0.007659422
-4.7689437e-07
0.0076586068
-4.4548582e-07
0.0076578453
-4.1613739e-07
0.007657134
-3.8875549e-07
0.0076564697
-3.6314858e-07
0.0076558492
-3.3926411e-07
0.0076552697
-3.1687955e-07
0.0076547283
-2.9604329e-07
0.0076542229
-2.7645979e-07
0.0076537506
-2.5827264e-07
0.0076533094
-2.4117169e-07
0.0076528971
-2.2548434e-07
0.0076525126
-2.1041914e-07
0.0076521529
-1.9666791e-07
0.0076518172
-1.836097e-07
0.0076515028
-1.7205798e-07
0.0076512105
-1.6040741e-07
0.0076509355
-1.5028688e-07
0.0076506807
-1.4040284e-07
0.0076504385
-1.3208766e-07
0.0076502165
-1.2500313e-07
0.0076499999
-1.1933755e-07
-1.2571597e-07
0.0093061957
0.0082843931
0.0073298986
0.0064869553
0.0057695845
0.00518986
0.004738168
0.00439519
0.0041390268
0.003949107
0.003807888
0.0037013782
0.003619058
0.0035534117
0.0034992845
0.0034532444
0.0034130501
0.0033772574
0.0033449386
0.0033154893
0.0032885008
0.0032636805
0.003240805
0.0032196926
0.0032001879
0.0031821539
0.0031654672
0.0031500158
0.0031356979
0.0031224208
0.0031101003
0.0030986595
0.0030880291
0.0030781458
0.003068952
0.0030603955
0.0030524286
0.0030450076
0.0030380929
0.0030316478
0.0030256387
0.0030200349
0.0030148078
0.0030099313
0.0030053811
0.0030011347
0.0029971713
0.0029934717
0.002990018
0.0029867936
0.0029837829
0.0029809718
0.0029783467
0.0029758953
0.002973606
0.0029714679
0.0029694711
0.0029676061
0.0029658642
0.0029642372
0.0029627175
0.0029612981
0.0029599722
0.0029587338
0.002957577
0.0029564964
0.0029554871
0.0029545443
0.0029536635
0.0029528408
0.0029520723
0.0029513545
0.0029506839
0.0029500575
0.0029494724
0.0029489259
0.0029484153
0.0029479384
0.0029474928
0.0029470767
0.0029466879
0.0029463248
0.0029459856
0.0029456687
0.0029453727
0.0029450963
0.002944838
0.0029445965
0.0029443711
0.002944161
0.0029439642
0.0029437802
0.0029436083
0.0029434482
0.002943298
0.0029431574
0.0029430253
0.0029429003
0.0029427809
)
;

boundaryField
{
    top
    {
        type            calculated;
        value           uniform 0;
    }
    inlet
    {
        type            calculated;
        value           nonuniform List<scalar> 10(-0.01 -0.01 -0.01 -0.01 -0.01 -0.01 -0.01 -0.01 -0.01 -0.01);
    }
    outlet
    {
        type            calculated;
        value           nonuniform List<scalar> 10(0.002942655 0.0076498149 0.011178072 0.01352789 0.014701569 0.014701569 0.01352789 0.011178072 0.0076498149 0.0029426552);
    }
    bottom
    {
        type            calculated;
        value           uniform 0;
    }
    back
    {
        type            empty;
        value           nonuniform 0();
    }
    front
    {
        type            empty;
        value           nonuniform 0();
    }
}


// ************************************************************************* //
