/*--------------------------------*- C++ -*----------------------------------*\
| =========                 |                                                 |
| \\      /  F ield         | OpenFOAM: The Open Source CFD Toolbox           |
|  \\    /   O peration     | Version:  v1812                                 |
|   \\  /    A nd           | Web:      www.OpenFOAM.com                      |
|    \\/     M anipulation  |                                                 |
\*---------------------------------------------------------------------------*/
FoamFile
{
    version     2.0;
    format      ascii;
    class       surfaceScalarField;
    location    "10.15";
    object      phi;
}
// * * * * * * * * * * * * * * * * * * * * * * * * * * * * * * * * * * * * * //

dimensions      [0 3 -1 0 0 0 0];
oriented        oriented;


internalField   nonuniform List<scalar> 
1890
(
0.0093061957
0.00069380425
0.0082843931
0.0010218027
0.0073298986
0.00095449449
0.0064869552
0.00084294334
0.0057695844
0.00071737081
0.00518986
0.00057972444
0.004738168
0.00045169204
0.00439519
0.000342978
0.0041390268
0.00025616317
0.003949107
0.00018991983
0.003807888
0.00014121897
0.0037013782
0.0001065098
0.003619058
8.2320227e-05
0.0035534117
6.5646252e-05
0.0034992845
5.412726e-05
0.0034532444
4.604005e-05
0.0034130501
4.0194289e-05
0.0033772574
3.5792749e-05
0.0033449386
3.2318749e-05
0.0033154893
2.9449272e-05
0.0032885008
2.698857e-05
0.0032636805
2.48203e-05
0.003240805
2.2875486e-05
0.0032196926
2.1112428e-05
0.0032001879
1.9504668e-05
0.0031821539
1.8034028e-05
0.0031654672
1.6686734e-05
0.0031500158
1.5451365e-05
0.0031356979
1.4317856e-05
0.0031224209
1.327706e-05
0.0031101003
1.2320578e-05
0.0030986595
1.1440711e-05
0.0030880291
1.0630432e-05
0.0030781457
9.8833717e-06
0.003068952
9.1937853e-06
0.0030603955
8.5565139e-06
0.0030524285
7.9669355e-06
0.0030450076
7.4209142e-06
0.0030380929
6.9147474e-06
0.0030316478
6.4451157e-06
0.0030256387
6.0090375e-06
0.0030200349
5.6038264e-06
0.0030148078
5.2270569e-06
0.0030099313
4.8765322e-06
0.003005381
4.5502583e-06
0.0030011346
4.2464217e-06
0.0029971713
3.9633685e-06
0.0029934717
3.6995888e-06
0.002990018
3.4536987e-06
0.0029867936
3.2244279e-06
0.0029837829
3.0106064e-06
0.0029809718
2.8111527e-06
0.0029783467
2.6250667e-06
0.0029758952
2.4514209e-06
0.0029736059
2.2893568e-06
0.0029714678
2.1380801e-06
0.002969471
1.9968563e-06
0.002967606
1.8650078e-06
0.0029658641
1.7419068e-06
0.0029642371
1.6269709e-06
0.0029627175
1.5196572e-06
0.002961298
1.4194557e-06
0.002959972
1.3258887e-06
0.0029587335
1.2385062e-06
0.0029575766
1.1568889e-06
0.002956496
1.0806476e-06
0.0029554867
1.0094231e-06
0.0029545438
9.4288709e-07
0.0029536631
8.8073588e-07
0.0029528404
8.2268618e-07
0.0029520719
7.684709e-07
0.002951354
7.1783e-07
0.0029506834
6.7051667e-07
0.0029500572
6.2629037e-07
0.0029494723
5.8492925e-07
0.0029489261
5.4622795e-07
0.0029484162
5.1000549e-07
0.0029479402
4.7609506e-07
0.0029474959
4.4435401e-07
0.0029470812
4.1462878e-07
0.0029466944
3.8679522e-07
0.0029463337
3.6068575e-07
0.0029459975
3.3619383e-07
0.0029456845
3.1313779e-07
0.0029453932
2.9146782e-07
0.0029451223
2.709899e-07
0.0029448707
2.5176407e-07
0.0029446373
2.3353233e-07
0.0029444208
2.1651038e-07
0.0029442206
2.0025681e-07
0.0029440354
1.8522819e-07
0.0029438649
1.7065311e-07
0.0029437076
1.5743096e-07
0.0029435636
1.4427648e-07
0.0029434309
1.3280961e-07
0.0029433101
1.2101564e-07
0.0029431989
1.1142168e-07
0.0029430976
1.0150756e-07
0.0029430031
9.4563588e-08
9.1984897e-08
0.010339525
0.00035427932
0.010570754
0.00079057335
0.010606301
0.00091894821
0.010547572
0.00090167138
0.010422317
0.00084262624
0.010244356
0.00075768559
0.010039421
0.00065662743
0.0098287427
0.00055365586
0.009625135
0.00045977082
0.0094353013
0.00037975353
0.0092624277
0.00031409258
0.0091075332
0.00026140426
0.0089701539
0.00021969949
0.0088489023
0.00018689787
0.0087419716
0.00016105803
0.0086474927
0.00014051896
0.008563694
0.00012399297
0.0084890108
0.00011047599
0.0084221097
9.9219856e-05
0.0083618775
8.9681385e-05
0.0083073954
8.1470652e-05
0.0082579079
7.4307838e-05
0.0082127929
6.7990499e-05
0.0081715353
6.2370004e-05
0.0081337049
5.7335036e-05
0.0080989388
5.2800208e-05
0.0080669272
4.8698284e-05
0.0080374036
4.4974962e-05
0.0080101361
4.1585385e-05
0.0079849213
3.849183e-05
0.0079615798
3.5662133e-05
0.0079399519
3.3068592e-05
0.0079198951
3.0687162e-05
0.0079012816
2.8496856e-05
0.0078839962
2.6479263e-05
0.0078679345
2.4618178e-05
0.0078530022
2.2899279e-05
0.0078391132
2.1309874e-05
0.0078261893
1.9838673e-05
0.0078141589
1.8475602e-05
0.0078029562
1.7211643e-05
0.0077925213
1.6038694e-05
0.0077827989
1.4949455e-05
0.0077737381
1.3937329e-05
0.007765292
1.2996336e-05
0.0077574174
1.2121043e-05
0.0077500743
1.1306502e-05
0.0077432257
1.05482e-05
0.0077368374
9.8420085e-06
0.0077308777
9.1841438e-06
0.0077253172
8.5711321e-06
0.0077201285
7.9997757e-06
0.0077152864
7.4671258e-06
0.0077107674
6.9704587e-06
0.0077065495
6.5072558e-06
0.0077026124
6.0751878e-06
0.0076989371
5.6721002e-06
0.0076955062
5.2959997e-06
0.0076923031
4.9450424e-06
0.0076893126
4.6175196e-06
0.0076865204
4.3118452e-06
0.0076839132
4.0265435e-06
0.0076814788
3.7602373e-06
0.0076792056
3.5116409e-06
0.0076770829
3.2795526e-06
0.0076751008
3.0628524e-06
0.0076732498
2.8604998e-06
0.0076715212
2.671529e-06
0.007669907
2.4950468e-06
0.0076683994
2.330222e-06
0.0076669916
2.1762801e-06
0.0076656768
2.0324893e-06
0.0076644491
1.8981597e-06
0.0076633027
1.7726308e-06
0.0076622323
1.655287e-06
0.007661233
1.5455385e-06
0.0076603003
1.4428592e-06
0.0076594297
1.3467372e-06
0.0076586174
1.2567434e-06
0.0076578596
1.1724223e-06
0.0076571528
1.093427e-06
0.007656494
1.0193079e-06
0.0076558803
9.498001e-07
0.0076553089
8.8441264e-07
0.0076547773
8.23026e-07
0.0076542833
7.6505933e-07
0.0076538245
7.1067083e-07
0.007653399
6.5906271e-07
0.0076530046
6.1087003e-07
0.0076526399
5.6476477e-07
0.0076523027
5.2222058e-07
0.0076519924
4.8079657e-07
0.0076517062
4.4357965e-07
0.0076514444
4.0596907e-07
0.0076512031
3.7421211e-07
0.0076509846
3.3947765e-07
0.0076507818
3.1429979e-07
0.0076506018
2.8149328e-07
0.0076504296
2.6660306e-07
2.3266073e-07
0.010188704
0.00016557516
0.010530487
0.000448791
0.010851453
0.00059798178
0.011124174
0.00062895025
0.011350581
0.00061621887
0.011524486
0.00058378055
0.01164633
0.0005347842
0.011724155
0.00047583049
0.011767999
0.00041592665
0.011786639
0.00036111399
0.011787114
0.00031361711
0.011775058
0.00027346026
0.011754861
0.00023989719
0.011729768
0.00021199032
0.011702054
0.00018877262
0.011673239
0.00016933389
0.011644339
0.00015289296
0.011616003
0.00013881182
0.011588629
0.00012659378
0.011562446
0.00011586443
0.011537572
0.00010634493
0.011514052
9.7826996e-05
0.011491889
9.0153366e-05
0.011471056
8.3203378e-05
0.011451509
7.6882631e-05
0.011433193
7.1115579e-05
0.011416051
6.5840306e-05
0.011400021
6.1004914e-05
0.011385042
5.6565066e-05
0.011371051
5.2482327e-05
0.01135799
4.8723014e-05
0.011345801
4.5257377e-05
0.011334429
4.2058992e-05
0.011323822
3.9104281e-05
0.011313929
3.6372142e-05
0.011304704
3.3843635e-05
0.011296101
3.1501719e-05
0.01128808
2.9331036e-05
0.011280601
2.7317708e-05
0.011273628
2.5449174e-05
0.011267125
2.3714037e-05
0.011261062
2.2101941e-05
0.011255408
2.0603451e-05
0.011250135
1.9209958e-05
0.011245218
1.7913594e-05
0.011240632
1.6707153e-05
0.011236354
1.558403e-05
0.011232364
1.4538158e-05
0.011228643
1.3563964e-05
0.01122517
1.2656314e-05
0.011221931
1.1810479e-05
0.011218909
1.1022093e-05
0.011216089
1.028712e-05
0.011213457
9.6018262e-06
0.011211002
8.9627537e-06
0.01120871
8.3666968e-06
0.011206572
7.8106862e-06
0.011204576
7.291969e-06
0.011202713
6.8079927e-06
0.011200974
6.3563917e-06
0.011199351
5.9349676e-06
0.011197836
5.5416783e-06
0.011196421
5.1746211e-06
0.011195101
4.8320203e-06
0.011193868
4.5122216e-06
0.011192717
4.2136775e-06
0.011191643
3.9349501e-06
0.01119064
3.6746997e-06
0.011189703
3.4316825e-06
0.011188829
3.2047438e-06
0.011188012
2.9928064e-06
0.01118725
2.7948607e-06
0.011186538
2.6099614e-06
0.011185873
2.4372058e-06
0.011185253
2.2757581e-06
0.011184673
2.12481e-06
0.011184133
1.9836367e-06
0.011183628
1.8515262e-06
0.011183157
1.7278756e-06
0.011182717
1.6120475e-06
0.011182307
1.5035658e-06
0.011181924
1.4018046e-06
0.011181568
1.3064329e-06
0.011181235
1.2167514e-06
0.011180925
1.1326604e-06
0.011180637
1.0532704e-06
0.011180369
9.7892315e-07
0.01118012
9.0828724e-07
0.011179888
8.4254864e-07
0.011179674
7.7935425e-07
0.011179474
7.215167e-07
0.01117929
6.644805e-07
0.011179119
6.1430379e-07
0.011178963
5.6193576e-07
0.011178817
5.199508e-07
0.011178687
4.7034026e-07
0.011178563
4.3851033e-07
0.011178455
3.8912351e-07
0.01117835
3.7156346e-07
3.2066822e-07
0.010097182
6.8393559e-05
0.010346961
0.00019901113
0.010662469
0.00028247388
0.010982753
0.00030866649
0.011290229
0.00030874342
0.011575251
0.00029875788
0.011829022
0.00028101345
0.012047865
0.00025698755
0.012233272
0.00023051981
0.01238924
0.00020514589
0.012520295
0.00018256236
0.012630755
0.00016299958
0.012724428
0.00014622492
0.012804515
0.00013190313
0.012873613
0.00011967427
0.012933772
0.00010917461
0.012986596
0.00010006907
0.013033332
9.2076359e-05
0.01307495
8.4975247e-05
0.013112216
7.8598609e-05
0.013145739
7.2822303e-05
0.013176012
6.7553941e-05
0.013203441
6.272393e-05
0.013228366
5.8278904e-05
0.013251071
5.4176995e-05
0.013271802
5.0384439e-05
0.01329077
4.6873168e-05
0.013308155
4.361918e-05
0.013324119
4.0601459e-05
0.0133388
3.7801279e-05
0.013352321
3.5201753e-05
0.013364791
3.2787535e-05
0.013376306
3.0544602e-05
0.01338695
2.8460105e-05
0.0133968
2.6522239e-05
0.013405923
2.4720153e-05
0.013414381
2.3043857e-05
0.013422228
2.1484153e-05
0.013429513
2.0032563e-05
0.013436281
1.868127e-05
0.013442572
1.7423063e-05
0.013448423
1.6251282e-05
0.013453866
1.5159775e-05
0.013458933
1.4142852e-05
0.013463652
1.3195253e-05
0.013468047
1.2312107e-05
0.013472142
1.1488905e-05
0.013475958
1.072147e-05
0.013479517
1.0005932e-05
0.013482834
9.3387005e-06
0.013485928
8.7164462e-06
0.013488814
8.136077e-06
0.013491507
7.5947198e-06
0.013494019
7.0897061e-06
0.013496363
6.618552e-06
0.013498551
6.1789507e-06
0.013500592
5.7687561e-06
0.013502499
5.3859725e-06
0.013504278
5.0287472e-06
0.013505939
4.6953534e-06
0.01350749
4.3841877e-06
0.013508938
4.0937546e-06
0.01351029
3.8226585e-06
0.013511552
3.5696002e-06
0.013512731
3.333362e-06
0.013513832
3.1128119e-06
0.01351486
2.9068926e-06
0.01351582
2.714619e-06
0.013516716
2.5350783e-06
0.013517554
2.3674167e-06
0.013518336
2.2108404e-06
0.013519066
2.0646026e-06
0.013519748
1.9280042e-06
0.013520385
1.8003832e-06
0.013520979
1.6811226e-06
0.013521534
1.5696298e-06
0.013522053
1.4653774e-06
0.013522536
1.3678338e-06
0.013522988
1.276568e-06
0.013523409
1.1910922e-06
0.013523801
1.1110723e-06
0.013524167
1.0360229e-06
0.013524508
9.6572781e-07
0.013524825
8.9963017e-07
0.013525119
8.3772049e-07
0.013525393
7.7924666e-07
0.013525648
7.2460379e-07
0.013525884
6.7259504e-07
0.013526102
6.2439724e-07
0.013526303
5.7782616e-07
0.013526489
5.3558523e-07
0.01352666
4.9340405e-07
0.013526817
4.5701445e-07
0.013526961
4.1797849e-07
0.013527093
3.8793648e-07
0.013527213
3.5046062e-07
0.013527324
3.2821907e-07
0.013527423
2.902233e-07
0.013527516
2.7844966e-07
2.4079874e-07
0.010068394
3.6683836e-12
0.010267405
5.2093432e-12
0.010549879
3.7043916e-12
0.010858545
9.7146337e-13
0.011167288
-1.7638657e-12
0.011466046
-3.3321972e-12
0.01174706
-3.7029884e-12
0.012004047
-2.5359082e-12
0.012234567
-2.9381206e-13
0.012439713
2.2035181e-12
0.012622275
4.3203077e-12
0.012785275
4.9851464e-12
0.0129315
4.2505135e-12
0.013063403
2.0868007e-12
0.013183077
-1.0805766e-12
0.013292252
-3.7526093e-12
0.013392321
-5.4791592e-12
0.013484397
-5.0486106e-12
0.013569373
-2.7739997e-12
0.013647971
7.2644024e-13
0.013720794
4.4832609e-12
0.013788347
6.8810601e-12
0.013851071
7.4814195e-12
0.01390935
6.3033452e-12
0.013963527
3.1347293e-12
0.014013912
-5.6689536e-13
0.014060785
-3.5255299e-12
0.014104404
-4.6305082e-12
0.014145006
-3.2055064e-12
0.014182807
6.413452e-13
0.014218009
6.1100496e-12
0.014250796
1.0819172e-11
0.014281341
1.3907704e-11
0.014309801
1.3964685e-11
0.014336323
1.1527081e-11
0.014361043
7.790613e-12
0.014384087
3.8408443e-12
0.014405571
1.8978292e-12
0.014425604
2.5500669e-12
0.014444285
6.3500097e-12
0.014461708
1.2659186e-11
0.014477959
1.9107489e-11
0.014493119
2.4652343e-11
0.014507262
2.6896518e-11
0.014520457
2.5856271e-11
0.014532769
2.2303654e-11
0.014544258
1.7367386e-11
0.014554979
1.4352371e-11
0.014564985
1.4111732e-11
0.014574324
1.8038339e-11
0.014583041
2.5577579e-11
0.014591177
3.3771252e-11
0.014598771
4.0875798e-11
0.014605861
4.3486646e-11
0.014612479
4.1145725e-11
0.014618658
3.495524e-11
0.014624427
2.6444363e-11
0.014629813
2.0540911e-11
0.014634842
1.8506662e-11
0.014639537
2.2201458e-11
0.014643921
3.1117148e-11
0.014648015
4.0636656e-11
0.014651838
4.8569428e-11
0.014655407
4.9394876e-11
0.01465874
4.1996591e-11
0.014661853
2.8210079e-11
0.01466476
9.971309e-12
0.014667475
-4.7818521e-12
0.01467001
-1.3255825e-11
0.014672377
-1.3046675e-11
0.014674588
-6.7094315e-12
0.014676653
8.6368684e-13
0.014678581
4.9787442e-12
0.014680381
-1.2614282e-12
0.014682062
-1.9657402e-11
0.014683632
-4.6664352e-11
0.014685097
-7.8697543e-11
0.014686465
-1.0505796e-10
0.014687742
-1.2267469e-10
0.014688933
-1.2805706e-10
0.014690045
-1.2388513e-10
0.014691081
-1.1656195e-10
0.014692046
-1.1287586e-10
0.014692946
-1.1595608e-10
0.014693784
-1.2965454e-10
0.014694563
-1.458867e-10
0.014695288
-1.6239957e-10
0.014695961
-1.6792001e-10
0.014696586
-1.6138509e-10
0.014697164
-1.4000687e-10
0.014697699
-1.1066278e-10
0.014698193
-7.6540893e-11
0.01469865
-4.7199907e-11
0.014699068
-1.8574761e-11
0.014699456
1.8815192e-12
0.014699806
3.0062903e-11
0.014700134
9.669847e-11
0.014700425
1.4029191e-10
0.014700703
2.9193288e-10
3.0248568e-10
0.010068394
-6.8393552e-05
0.010267405
-0.00019901112
0.010549879
-0.00028247387
0.010858545
-0.00030866649
0.011167288
-0.00030874342
0.011466046
-0.00029875789
0.01174706
-0.00028101346
0.012004047
-0.00025698755
0.012234567
-0.00023051981
0.012439713
-0.00020514589
0.012622275
-0.00018256235
0.012785275
-0.00016299957
0.0129315
-0.00014622491
0.013063403
-0.00013190313
0.013183077
-0.00011967427
0.013292252
-0.00010917462
0.013392321
-0.00010006908
0.013484397
-9.2076368e-05
0.013569373
-8.4975251e-05
0.013647971
-7.8598606e-05
0.013720794
-7.2822292e-05
0.013788347
-6.7553927e-05
0.013851071
-6.2723916e-05
0.01390935
-5.8278894e-05
0.013963527
-5.4176992e-05
0.014013912
-5.0384442e-05
0.014060785
-4.6873176e-05
0.014104404
-4.3619189e-05
0.014145006
-4.0601463e-05
0.014182807
-3.7801274e-05
0.014218009
-3.5201739e-05
0.014250796
-3.2787513e-05
0.014281341
-3.0544576e-05
0.014309801
-2.8460081e-05
0.014336323
-2.6522221e-05
0.014361043
-2.4720142e-05
0.014384087
-2.3043853e-05
0.014405571
-2.148415e-05
0.014425604
-2.0032557e-05
0.014444285
-1.8681255e-05
0.014461708
-1.7423036e-05
0.014477959
-1.6251243e-05
0.014493119
-1.5159728e-05
0.014507262
-1.4142804e-05
0.014520457
-1.3195208e-05
0.014532769
-1.2312071e-05
0.014544258
-1.1488877e-05
0.014554979
-1.0721446e-05
0.014564985
-1.0005905e-05
0.014574324
-9.3386632e-06
0.014583041
-8.7163942e-06
0.014591177
-8.1360099e-06
0.014598771
-7.5946428e-06
0.014605861
-7.0896279e-06
0.014612479
-6.6184812e-06
0.014618658
-6.1788939e-06
0.014624427
-5.7687133e-06
0.014629813
-5.3859382e-06
0.014634842
-5.0287121e-06
0.014639537
-4.6953069e-06
0.014643921
-4.3841239e-06
0.014648015
-4.0936735e-06
0.014651838
-3.8225682e-06
0.014655407
-3.5695143e-06
0.01465874
-3.3332945e-06
0.014661853
-3.1127736e-06
0.01466476
-2.9068853e-06
0.014667475
-2.7146351e-06
0.01467001
-2.5351058e-06
0.014672377
-2.3674369e-06
0.014674588
-2.2108468e-06
0.014676653
-2.0645954e-06
0.014678581
-1.9279968e-06
0.014680381
-1.8003955e-06
0.014682062
-1.6811746e-06
0.014683632
-1.5697354e-06
0.014685097
-1.4655373e-06
0.014686465
-1.3680359e-06
0.014687742
-1.2767944e-06
0.014688933
-1.1913213e-06
0.014690045
-1.1112938e-06
0.014691081
-1.0362328e-06
0.014692047
-9.6593776e-07
0.014692946
-8.9985297e-07
0.014693784
-8.3797102e-07
0.014694563
-7.7952756e-07
0.014695288
-7.2491005e-07
0.014695961
-6.7290516e-07
0.014696586
-6.2469218e-07
0.014697164
-5.7807812e-07
0.014697699
-5.3578754e-07
0.014698193
-4.935439e-07
0.01469865
-4.5710816e-07
0.014699068
-4.1801666e-07
0.014699456
-3.8794236e-07
0.014699806
-3.5040779e-07
0.014700134
-3.2809203e-07
0.014700425
-2.9002379e-07
0.014700703
-2.780656e-07
-2.4038355e-07
0.010097182
-0.00016557515
0.010346961
-0.000448791
0.010662469
-0.00059798178
0.010982753
-0.00062895026
0.011290229
-0.00061621887
0.011575251
-0.00058378056
0.011829022
-0.00053478421
0.012047865
-0.00047583049
0.012233272
-0.00041592664
0.01238924
-0.00036111398
0.012520295
-0.0003136171
0.012630755
-0.00027346025
0.012724428
-0.00023989719
0.012804515
-0.00021199033
0.012873613
-0.00018877263
0.012933772
-0.0001693339
0.012986596
-0.00015289297
0.013033332
-0.00013881182
0.01307495
-0.00012659378
0.013112216
-0.00011586442
0.013145739
-0.00010634491
0.013176012
-9.7826983e-05
0.013203441
-9.0153359e-05
0.013228366
-8.3203378e-05
0.013251071
-7.6882637e-05
0.013271802
-7.1115589e-05
0.01329077
-6.5840316e-05
0.013308155
-6.1004919e-05
0.013324119
-5.6565062e-05
0.0133388
-5.2482314e-05
0.013352321
-4.8722994e-05
0.013364791
-4.5257355e-05
0.013376306
-4.2058973e-05
0.01338695
-3.9104269e-05
0.0133968
-3.6372138e-05
0.013405923
-3.3843636e-05
0.013414381
-3.1501722e-05
0.013422228
-2.9331035e-05
0.013429513
-2.7317698e-05
0.013436281
-2.5449152e-05
0.013442572
-2.3714005e-05
0.013448423
-2.2101902e-05
0.013453866
-2.0603413e-05
0.013458933
-1.9209926e-05
0.013463652
-1.7913571e-05
0.013468047
-1.6707139e-05
0.013472142
-1.5584018e-05
0.013475959
-1.4538144e-05
0.013479517
-1.3563938e-05
0.013482834
-1.2656273e-05
0.013485928
-1.1810425e-05
0.013488814
-1.102203e-05
0.013491507
-1.0287059e-05
0.013494019
-9.6017742e-06
0.013496363
-8.9627165e-06
0.013498551
-8.3666739e-06
0.013500593
-7.8106694e-06
0.013502499
-7.2919493e-06
0.013504278
-6.8079587e-06
0.013505939
-6.3563388e-06
0.01350749
-5.9348986e-06
0.013508938
-5.5416016e-06
0.01351029
-5.1745528e-06
0.013511552
-4.8319723e-06
0.013512731
-4.5122018e-06
0.013513832
-4.2136851e-06
0.01351486
-3.9349723e-06
0.01351582
-3.6747237e-06
0.013516717
-3.4316927e-06
0.013517554
-3.2047351e-06
0.013518336
-2.9927842e-06
0.013519067
-2.7948388e-06
0.013519748
-2.6099616e-06
0.013520385
-2.4372449e-06
0.01352098
-2.2758431e-06
0.013521535
-2.124939e-06
0.013522053
-1.9837904e-06
0.013522537
-1.8516895e-06
0.013522988
-1.7280287e-06
0.013523409
-1.6121875e-06
0.013523802
-1.5036956e-06
0.013524167
-1.4019408e-06
0.013524508
-1.3065874e-06
0.013524825
-1.2169388e-06
0.013525119
-1.132873e-06
0.013525393
-1.0535043e-06
0.013525648
-9.7915289e-07
0.013525883
-9.0850312e-07
0.013526102
-8.4273236e-07
0.013526303
-7.7950825e-07
0.013526489
-7.2163687e-07
0.01352666
-6.6457526e-07
0.013526817
-6.1436845e-07
0.013526961
-5.6197396e-07
0.013527093
-5.1995766e-07
0.013527213
-4.7032201e-07
0.013527323
-4.3847431e-07
0.013527422
-3.8908439e-07
0.013527516
-3.715798e-07
-3.2062391e-07
0.010188704
-0.00035427932
0.010530487
-0.00079057335
0.010851453
-0.00091894822
0.011124174
-0.00090167138
0.011350581
-0.00084262625
0.011524486
-0.00075768559
0.01164633
-0.00065662743
0.011724155
-0.00055365585
0.011767999
-0.00045977081
0.011786639
-0.00037975352
0.011787114
-0.00031409258
0.011775058
-0.00026140426
0.011754861
-0.0002196995
0.011729768
-0.00018689789
0.011702053
-0.00016105805
0.011673239
-0.00014051896
0.011644339
-0.00012399297
0.011616003
-0.00011047598
0.011588629
-9.9219842e-05
0.011562446
-8.9681371e-05
0.011537572
-8.1470641e-05
0.011514052
-7.4307834e-05
0.011491889
-6.7990504e-05
0.011471056
-6.2370016e-05
0.011451508
-5.7335051e-05
0.011433193
-5.2800219e-05
0.011416051
-4.8698288e-05
0.011400021
-4.4974956e-05
0.011385042
-4.158537e-05
0.011371051
-3.8491809e-05
0.01135799
-3.5662113e-05
0.011345801
-3.3068578e-05
0.01133443
-3.0687158e-05
0.011323822
-2.8496861e-05
0.011313929
-2.6479275e-05
0.011304704
-2.4618189e-05
0.011296101
-2.2899284e-05
0.01128808
-2.1309868e-05
0.011280601
-1.9838654e-05
0.011273628
-1.8475574e-05
0.011267125
-1.7211611e-05
0.011261062
-1.6038666e-05
0.011255408
-1.4949438e-05
0.011250135
-1.3937324e-05
0.011245218
-1.299634e-05
0.011240632
-1.212105e-05
0.011236354
-1.1306503e-05
0.011232365
-1.0548187e-05
0.011228643
-9.8419788e-06
0.011225171
-9.1841006e-06
0.011221931
-8.5710833e-06
0.011218909
-7.9997326e-06
0.011216089
-7.4670973e-06
0.011213457
-6.9704487e-06
0.011211002
-6.5072609e-06
0.01120871
-6.0751975e-06
0.011206572
-5.6721018e-06
0.011204576
-5.295982e-06
0.011202713
-4.9450015e-06
0.011200974
-4.6174613e-06
0.011199351
-4.3117825e-06
0.011197836
-4.026494e-06
0.011196422
-3.7602147e-06
0.011195101
-3.5116498e-06
0.011193868
-3.2795868e-06
0.011192718
-3.0628944e-06
0.011191643
-2.8605303e-06
0.01119064
-2.6715322e-06
0.011189704
-2.4950195e-06
0.011188829
-2.3301756e-06
0.011188013
-2.1762356e-06
0.01118725
-2.0324717e-06
0.011186538
-1.8981857e-06
0.011185874
-1.772703e-06
0.011185253
-1.6553926e-06
0.011184674
-1.545653e-06
0.011184133
-1.4429577e-06
0.011183628
-1.3468046e-06
0.011183157
-1.2567783e-06
0.011182718
-1.1724421e-06
0.011182307
-1.0934529e-06
0.011181924
-1.0193641e-06
0.011181567
-9.4989391e-07
0.011181235
-8.845399e-07
0.011180925
-8.2316495e-07
0.011180637
-7.6518943e-07
0.011180369
-7.1077185e-07
0.011180119
-6.5913405e-07
0.011179888
-6.1091366e-07
0.011179673
-5.6479841e-07
0.011179473
-5.2224699e-07
0.011179289
-4.8082512e-07
0.011179118
-4.4359991e-07
0.011178962
-4.0598915e-07
0.011178817
-3.742139e-07
0.011178686
-3.3948183e-07
0.011178562
-3.1430013e-07
0.011178454
-2.8154344e-07
0.011178349
-2.668143e-07
-2.328176e-07
0.010339525
-0.00069380425
0.010570754
-0.0010218027
0.0106063
-0.00095449449
0.010547572
-0.00084294335
0.010422317
-0.00071737081
0.010244356
-0.00057972443
0.010039421
-0.00045169203
0.0098287427
-0.00034297799
0.009625135
-0.00025616316
0.0094353013
-0.00018991983
0.0092624277
-0.00014121898
0.0091075332
-0.00010650981
0.0089701539
-8.2320238e-05
0.0088489023
-6.564626e-05
0.0087419716
-5.4127262e-05
0.0086474927
-4.6040045e-05
0.008563694
-4.019428e-05
0.0084890108
-3.5792737e-05
0.0084221097
-3.231874e-05
0.0083618775
-2.9449267e-05
0.0083073954
-2.6988572e-05
0.0082579079
-2.4820308e-05
0.0082127928
-2.2875497e-05
0.0081715353
-2.1112439e-05
0.0081337049
-1.9504675e-05
0.0080989388
-1.8034028e-05
0.0080669273
-1.6686726e-05
0.0080374037
-1.5451351e-05
0.0080101362
-1.4317842e-05
0.0079849214
-1.3277049e-05
0.0079615798
-1.2320574e-05
0.0079399519
-1.1440715e-05
0.0079198951
-1.0630443e-05
0.0079012816
-9.8833847e-06
0.0078839962
-9.1937956e-06
0.0078679345
-8.5565169e-06
0.0078530022
-7.9669295e-06
0.0078391133
-7.4208997e-06
0.0078261894
-6.9147288e-06
0.0078141589
-6.4450983e-06
0.0078029563
-6.0090265e-06
0.0077925214
-5.6038252e-06
0.007782799
-5.2270647e-06
0.0077737382
-4.8765454e-06
0.0077652921
-4.5502703e-06
0.0077574175
-4.2464259e-06
0.0077500744
-3.9633614e-06
0.0077432259
-3.6995696e-06
0.0077368376
-3.4536728e-06
0.0077308779
-3.2244026e-06
0.0077253174
-3.0105896e-06
0.0077201287
-2.81115e-06
0.0077152866
-2.6250772e-06
0.0077107676
-2.4514397e-06
0.0077065497
-2.289374e-06
0.0077026126
-2.1380858e-06
0.0076989375
-1.9968452e-06
0.0076955066
-1.8649794e-06
0.0076923035
-1.7418697e-06
0.007689313
-1.6269369e-06
0.0076865208
-1.5196383e-06
0.0076839136
-1.4194601e-06
0.0076814792
-1.3259139e-06
0.007679206
-1.2385437e-06
0.0076770833
-1.1569225e-06
0.0076751012
-1.0806623e-06
0.0076732502
-1.0094121e-06
0.0076715217
-9.4285175e-07
0.0076699075
-8.80691e-07
0.0076683999
-8.2265026e-07
0.007666992
-7.6846056e-07
0.0076656771
-7.1785414e-07
0.0076644493
-6.7056842e-07
0.0076633028
-6.2635377e-07
0.0076622325
-5.8498361e-07
0.0076612332
-5.4625396e-07
0.0076603005
-5.100013e-07
0.0076594299
-4.7606476e-07
0.0076586175
-4.4432061e-07
0.0076578595
-4.1460915e-07
0.0076571526
-3.868067e-07
0.0076564937
-3.6072555e-07
0.0076558798
-3.3625429e-07
0.0076553084
-3.1319327e-07
0.0076547767
-2.9150893e-07
0.0076542827
-2.7099993e-07
0.0076538238
-2.5175836e-07
0.0076533982
-2.3351413e-07
0.0076530037
-2.1650344e-07
0.0076526389
-2.0025767e-07
0.0076523017
-1.8524539e-07
0.0076519913
-1.7066849e-07
0.007651705
-1.5745157e-07
0.0076514433
-1.4428415e-07
0.0076512019
-1.3281535e-07
0.0076509835
-1.2100688e-07
0.0076507806
-1.1144251e-07
0.0076506005
-1.0155414e-07
0.0076504282
-9.4673982e-08
-9.2076103e-08
0.0093061957
0.0082843931
0.0073298986
0.0064869552
0.0057695844
0.00518986
0.004738168
0.00439519
0.0041390268
0.003949107
0.003807888
0.0037013782
0.0036190579
0.0035534117
0.0034992845
0.0034532444
0.0034130502
0.0033772574
0.0033449386
0.0033154894
0.0032885008
0.0032636804
0.003240805
0.0032196925
0.0032001879
0.0031821539
0.0031654672
0.0031500158
0.003135698
0.0031224209
0.0031101003
0.0030986595
0.0030880291
0.0030781457
0.003068952
0.0030603955
0.0030524286
0.0030450077
0.0030380929
0.0030316478
0.0030256388
0.0030200349
0.0030148078
0.0030099313
0.003005381
0.0030011347
0.0029971713
0.0029934718
0.0029900181
0.0029867937
0.002983783
0.0029809718
0.0029783467
0.0029758953
0.002973606
0.0029714679
0.0029694712
0.0029676062
0.0029658643
0.0029642373
0.0029627176
0.0029612981
0.0029599721
0.0029587336
0.0029575768
0.0029564962
0.0029554869
0.002954544
0.0029536633
0.0029528406
0.002952072
0.002951354
0.0029506834
0.0029500571
0.0029494723
0.0029489262
0.0029484163
0.0029479402
0.0029474959
0.0029470811
0.0029466942
0.0029463335
0.0029459972
0.0029456842
0.0029453928
0.002945122
0.0029448704
0.0029446369
0.0029444204
0.0029442201
0.0029440349
0.0029438644
0.0029437071
0.002943563
0.0029434303
0.0029433095
0.0029431982
0.0029430968
0.0029430022
)
;

boundaryField
{
    top
    {
        type            calculated;
        value           uniform 0;
    }
    inlet
    {
        type            calculated;
        value           nonuniform List<scalar> 10(-0.01 -0.01 -0.01 -0.01 -0.01 -0.01 -0.01 -0.01 -0.01 -0.01);
    }
    outlet
    {
        type            calculated;
        value           nonuniform List<scalar> 10(0.0029429114 0.0076502889 0.011178262 0.013527595 0.014700943 0.014700943 0.013527596 0.011178261 0.0076502875 0.0029429104);
    }
    bottom
    {
        type            calculated;
        value           uniform 0;
    }
    back
    {
        type            empty;
        value           nonuniform 0();
    }
    front
    {
        type            empty;
        value           nonuniform 0();
    }
}


// ************************************************************************* //
