/*--------------------------------*- C++ -*----------------------------------*\
| =========                 |                                                 |
| \\      /  F ield         | OpenFOAM: The Open Source CFD Toolbox           |
|  \\    /   O peration     | Version:  v1812                                 |
|   \\  /    A nd           | Web:      www.OpenFOAM.com                      |
|    \\/     M anipulation  |                                                 |
\*---------------------------------------------------------------------------*/
FoamFile
{
    version     2.0;
    format      ascii;
    class       surfaceScalarField;
    location    "12.55";
    object      phi;
}
// * * * * * * * * * * * * * * * * * * * * * * * * * * * * * * * * * * * * * //

dimensions      [0 3 -1 0 0 0 0];
oriented        oriented;


internalField   nonuniform List<scalar> 
1890
(
0.0093061957
0.00069380425
0.0082843931
0.0010218027
0.0073298986
0.00095449449
0.0064869553
0.00084294334
0.0057695845
0.00071737081
0.00518986
0.00057972444
0.004738168
0.00045169205
0.00439519
0.00034297801
0.0041390268
0.00025616318
0.0039491069
0.00018991983
0.003807888
0.00014121896
0.0037013782
0.00010650978
0.003619058
8.2320207e-05
0.0035534117
6.5646236e-05
0.0034992845
5.4127255e-05
0.0034532444
4.6040058e-05
0.0034130501
4.0194308e-05
0.0033772574
3.5792772e-05
0.0033449386
3.2318768e-05
0.0033154893
2.9449281e-05
0.0032885007
2.6988565e-05
0.0032636805
2.4820283e-05
0.003240805
2.2875462e-05
0.0032196926
2.1112405e-05
0.0032001879
1.9504654e-05
0.0031821539
1.8034028e-05
0.0031654672
1.6686747e-05
0.0031500158
1.5451387e-05
0.0031356979
1.4317881e-05
0.0031224208
1.3277078e-05
0.0031101002
1.2320584e-05
0.0030986595
1.1440702e-05
0.0030880291
1.063041e-05
0.0030781458
9.8833438e-06
0.003068952
9.1937608e-06
0.0030603955
8.5565002e-06
0.0030524286
7.9669382e-06
0.0030450077
7.420932e-06
0.0030380929
6.9147747e-06
0.0030316478
6.4451429e-06
0.0030256387
6.0090545e-06
0.0030200349
5.6038262e-06
0.0030148078
5.227038e-06
0.0030099313
4.8764998e-06
0.0030053811
4.5502229e-06
0.0030011347
4.2463947e-06
0.0029971713
3.9633601e-06
0.0029934717
3.6996018e-06
0.002990018
3.4537293e-06
0.0029867936
3.2244648e-06
0.0029837829
3.010635e-06
0.0029809718
2.8111607e-06
0.0029783467
2.6250476e-06
0.0029758953
2.4513787e-06
0.002973606
2.2893041e-06
0.0029714679
2.138034e-06
0.0029694711
1.9968334e-06
0.0029676061
1.8650151e-06
0.0029658642
1.7419404e-06
0.0029642372
1.6270143e-06
0.0029627175
1.519687e-06
0.0029612981
1.4194509e-06
0.0029599722
1.3258368e-06
0.0029587338
1.2384122e-06
0.002957577
1.1567726e-06
0.0029564964
1.0805371e-06
0.0029554871
1.009347e-06
0.0029545443
9.4285979e-07
0.0029536636
8.8075587e-07
0.0029528408
8.227345e-07
0.0029520723
7.68522e-07
0.0029513544
7.1786708e-07
0.0029506838
6.7054396e-07
0.0029500575
6.2634089e-07
0.0029494724
5.8506967e-07
0.0029489258
5.4653104e-07
0.0029484153
5.1055852e-07
0.0029479384
4.7695254e-07
0.0029474929
4.455691e-07
0.0029470767
4.1621732e-07
0.0029466879
3.8879957e-07
0.0029463247
3.631382e-07
0.0029459854
3.3920341e-07
0.0029456686
3.1679616e-07
0.0029453726
2.9596504e-07
0.0029450962
2.7642632e-07
0.0029448379
2.5832954e-07
0.0029445967
2.4125213e-07
0.0029443712
2.2551659e-07
0.0029441607
2.1050521e-07
0.0029439639
1.9683646e-07
0.0029437802
1.8360076e-07
0.0029436084
1.718389e-07
0.0029434481
1.6023364e-07
0.0029432978
1.5027096e-07
0.0029431575
1.4036151e-07
0.0029430254
1.3207249e-07
0.0029429005
1.2498802e-07
0.0029427811
1.1936134e-07
1.2548848e-07
0.010339525
0.00035427932
0.010570754
0.00079057335
0.010606301
0.00091894821
0.010547572
0.00090167138
0.010422317
0.00084262624
0.010244356
0.0007576856
0.010039421
0.00065662745
0.0098287427
0.00055365587
0.009625135
0.00045977083
0.0094353013
0.00037975352
0.0092624277
0.00031409256
0.0091075332
0.00026140423
0.008970154
0.00021969947
0.0088489024
0.00018689787
0.0087419716
0.00016105804
0.0086474927
0.00014051898
0.008563694
0.00012399299
0.0084890107
0.00011047602
0.0084221096
9.9219872e-05
0.0083618775
8.9681386e-05
0.0083073954
8.1470636e-05
0.0082579079
7.430781e-05
0.0082127929
6.7990468e-05
0.0081715353
6.2369978e-05
0.008133705
5.7335025e-05
0.0080989388
5.2800214e-05
0.0080669272
4.8698306e-05
0.0080374036
4.4974993e-05
0.0080101361
4.1585414e-05
0.0079849213
3.8491847e-05
0.0079615798
3.5662133e-05
0.0079399519
3.3068573e-05
0.0079198951
3.068713e-05
0.0079012817
2.8496819e-05
0.0078839962
2.6479233e-05
0.0078679346
2.4618164e-05
0.0078530022
2.2899286e-05
0.0078391133
2.1309898e-05
0.0078261893
1.9838706e-05
0.0078141588
1.8475632e-05
0.0078029562
1.7211657e-05
0.0077925214
1.6038685e-05
0.007782799
1.4949423e-05
0.0077737382
1.3937282e-05
0.0077652921
1.2996288e-05
0.0077574175
1.2121009e-05
0.0077500744
1.1306493e-05
0.0077432258
1.0548217e-05
0.0077368375
9.8420436e-06
0.0077308778
9.1841826e-06
0.0077253172
8.5711561e-06
0.0077201286
7.9997713e-06
0.0077152865
7.4670877e-06
0.0077107675
6.9703934e-06
0.0077065496
6.5071806e-06
0.0077026126
6.0751241e-06
0.0076989374
5.6720664e-06
0.0076955064
5.2960024e-06
0.0076923033
4.9450733e-06
0.0076893127
4.6175565e-06
0.0076865205
4.3118588e-06
0.0076839134
4.026509e-06
0.0076814791
3.760145e-06
0.007679206
3.5115e-06
0.0076770834
3.2793938e-06
0.0076751012
3.0627156e-06
0.0076732502
2.8604262e-06
0.0076715215
2.671543e-06
0.0076699072
2.4951584e-06
0.0076683995
2.3304218e-06
0.0076669914
2.1765609e-06
0.0076656764
2.0328548e-06
0.0076644482
1.8986577e-06
0.0076633012
1.7733433e-06
0.0076622299
1.6563549e-06
0.0076612294
1.5471158e-06
0.0076602948
1.4451341e-06
0.007659422
1.349859e-06
0.0076586067
1.2608883e-06
0.0076578452
1.1777029e-06
0.0076571339
1.1000378e-06
0.0076564696
1.0273873e-06
0.0076558491
9.5965672e-07
0.0076552696
8.962638e-07
0.0076547283
8.3731198e-07
0.0076542228
7.8199847e-07
0.0076537504
7.3073758e-07
0.0076533094
6.8232865e-07
0.0076528971
6.3776963e-07
0.0076525124
5.951898e-07
0.0076521526
5.566174e-07
0.0076518172
5.1897465e-07
0.0076515029
4.8602899e-07
0.0076512107
4.5252963e-07
0.0076509357
4.2521762e-07
0.0076506811
3.9500885e-07
0.0076504391
3.7411644e-07
0.0076502172
3.4686122e-07
0.0076500008
3.3575015e-07
3.1012665e-07
0.010188704
0.00016557516
0.010530487
0.000448791
0.010851453
0.00059798178
0.011124174
0.00062895026
0.011350581
0.00061621888
0.011524486
0.00058378056
0.01164633
0.00053478421
0.011724155
0.00047583049
0.011767999
0.00041592664
0.011786639
0.00036111398
0.011787114
0.0003136171
0.011775058
0.00027346025
0.011754861
0.00023989719
0.011729768
0.00021199033
0.011702054
0.00018877263
0.011673239
0.00016933391
0.011644339
0.00015289298
0.011616003
0.00013881183
0.011588629
0.00012659378
0.011562446
0.00011586442
0.011537572
0.00010634491
0.011514052
9.7826972e-05
0.01149189
9.0153346e-05
0.011471056
8.3203367e-05
0.011451509
7.6882632e-05
0.011433193
7.1115592e-05
0.011416051
6.5840327e-05
0.011400021
6.1004935e-05
0.011385042
5.6565081e-05
0.011371051
5.2482329e-05
0.01135799
4.8723003e-05
0.011345801
4.5257355e-05
0.01133443
4.2058965e-05
0.011323822
3.9104256e-05
0.011313929
3.6372126e-05
0.011304704
3.3843631e-05
0.011296101
3.1501728e-05
0.01128808
2.9331053e-05
0.011280601
2.7317725e-05
0.011273628
2.5449182e-05
0.011267125
2.3714031e-05
0.011261062
2.210192e-05
0.011255408
2.0603418e-05
0.011250135
1.9209921e-05
0.011245218
1.7913562e-05
0.011240632
1.6707133e-05
0.011236354
1.5584025e-05
0.011232364
1.4538167e-05
0.011228643
1.3563977e-05
0.01122517
1.2656321e-05
0.011221931
1.1810471e-05
0.011218909
1.1022065e-05
0.011216089
1.0287073e-05
0.011213457
9.6017699e-06
0.011211002
8.962698e-06
0.01120871
8.3666547e-06
0.011206572
7.810663e-06
0.011204576
7.2919628e-06
0.011202713
6.8079932e-06
0.011200974
6.3563816e-06
0.011199351
5.9349338e-06
0.011197836
5.5416105e-06
0.011196421
5.1745213e-06
0.011195101
4.8319031e-06
0.011193868
4.5121082e-06
0.011192718
4.2135967e-06
0.011191643
3.9349264e-06
0.01119064
3.6747509e-06
0.011189703
3.4318228e-06
0.011188829
3.2049783e-06
0.011188012
2.9931609e-06
0.011187249
2.7953684e-06
0.011186537
2.6106989e-06
0.011185872
2.4382718e-06
0.011185252
2.2773034e-06
0.011184672
2.1269848e-06
0.01118413
1.9866447e-06
0.011183625
1.8555271e-06
0.011183152
1.7331063e-06
0.011182711
1.6186667e-06
0.011182299
1.5118754e-06
0.011181915
1.411992e-06
0.011181556
1.3189211e-06
0.01118122
1.2317617e-06
0.011180907
1.1507572e-06
0.011180614
1.0746203e-06
0.011180341
1.0041877e-06
0.011180086
9.3745611e-07
0.011179847
8.7635883e-07
0.011179624
8.1754443e-07
0.011179416
7.6495635e-07
0.011179222
7.126586e-07
0.01117904
6.682444e-07
0.011178872
6.2093884e-07
0.011178712
5.8503579e-07
0.011178566
5.4085713e-07
0.011178425
5.1496411e-07
0.0111783
4.7179416e-07
0.011178178
4.5861599e-07
4.1539025e-07
0.010097182
6.8393562e-05
0.010346961
0.00019901113
0.010662469
0.00028247389
0.010982753
0.0003086665
0.011290229
0.00030874343
0.011575251
0.00029875788
0.011829022
0.00028101344
0.012047865
0.00025698754
0.012233272
0.0002305198
0.01238924
0.00020514589
0.012520295
0.00018256236
0.012630755
0.00016299959
0.012724428
0.00014622493
0.012804515
0.00013190314
0.012873613
0.00011967428
0.012933772
0.00010917461
0.012986596
0.00010006906
0.013033332
9.2076351e-05
0.01307495
8.4975235e-05
0.013112216
7.8598596e-05
0.013145739
7.2822292e-05
0.013176012
6.7553934e-05
0.013203441
6.2723929e-05
0.013228366
5.8278907e-05
0.013251071
5.4177002e-05
0.013271802
5.0384446e-05
0.01329077
4.6873174e-05
0.013308155
4.3619182e-05
0.013324119
4.0601456e-05
0.0133388
3.7801271e-05
0.013352321
3.5201742e-05
0.013364791
3.2787522e-05
0.013376306
3.0544592e-05
0.01338695
2.8460098e-05
0.0133968
2.6522236e-05
0.013405923
2.4720153e-05
0.013414381
2.3043857e-05
0.013422228
2.148415e-05
0.013429513
2.0032554e-05
0.013436281
1.8681256e-05
0.013442572
1.7423045e-05
0.013448423
1.6251263e-05
0.013453866
1.5159757e-05
0.013458933
1.4142838e-05
0.013463652
1.3195242e-05
0.013468047
1.2312098e-05
0.013472142
1.1488894e-05
0.013475959
1.0721455e-05
0.013479517
1.000591e-05
0.013482834
9.3386723e-06
0.013485928
8.7164131e-06
0.013488814
8.1360431e-06
0.013491507
7.5946894e-06
0.013494019
7.0896807e-06
0.013496363
6.6185334e-06
0.013498551
6.1789338e-06
0.013500593
5.7687357e-06
0.013502499
5.3859431e-06
0.013504278
5.0287038e-06
0.013505939
4.6952977e-06
0.01350749
4.3841238e-06
0.013508938
4.0936897e-06
0.01351029
3.8226013e-06
0.013511552
3.569554e-06
0.013512731
3.3333316e-06
0.013513832
3.1127946e-06
0.01351486
2.9068928e-06
0.01351582
2.7146418e-06
0.013516716
2.5351392e-06
0.013517554
2.3675378e-06
0.013518336
2.2110583e-06
0.013519066
2.064957e-06
0.013519748
1.9285567e-06
0.013520386
1.8011859e-06
0.013520981
1.6822604e-06
0.013521537
1.5711742e-06
0.013522056
1.4674472e-06
0.013522541
1.3705299e-06
0.013522994
1.2800629e-06
0.013523417
1.1955135e-06
0.013523812
1.1166613e-06
0.013524181
1.0429086e-06
0.013524526
9.7421778e-07
0.013524848
9.0982634e-07
0.013525149
8.5000668e-07
0.01352543
7.9366878e-07
0.013525692
7.4165413e-07
0.013525937
6.9221435e-07
0.013526166
6.4720864e-07
0.01352638
6.0359252e-07
0.01352658
5.6506796e-07
0.013526767
5.2612049e-07
0.013526941
4.938226e-07
0.013527104
4.5822671e-07
0.013527257
4.3246531e-07
0.013527399
3.9866686e-07
0.013527533
3.8052435e-07
0.013527658
3.4673881e-07
0.013527779
3.377412e-07
3.0521172e-07
0.010068394
7.5934371e-12
0.010267405
1.2995821e-11
0.010549879
1.0720965e-11
0.010858545
4.6176226e-12
0.011167288
-3.8990821e-12
0.011466046
-1.1120215e-11
0.01174706
-1.3851439e-11
0.012004047
-1.0259233e-11
0.012234567
-3.1886706e-12
0.012439713
5.0684569e-12
0.012622275
1.2778962e-11
0.012785275
1.7152096e-11
0.0129315
1.5795757e-11
0.013063403
1.0285058e-11
0.013183077
2.111922e-12
0.013292252
-5.8870348e-12
0.013392321
-1.2972018e-11
0.013484397
-1.4407826e-11
0.013569373
-1.3475165e-11
0.013647971
-8.5889784e-12
0.013720794
-2.2770203e-12
0.013788347
4.1237075e-12
0.013851071
7.8023564e-12
0.01390935
8.760896e-12
0.013963527
8.0820162e-12
0.014013912
4.1892379e-12
0.014060785
-5.7049924e-13
0.014104404
-5.429664e-12
0.014145005
-5.9708754e-12
0.014182807
-6.6567583e-12
0.014218009
-4.1573824e-12
0.014250796
3.3514398e-13
0.014281341
5.1395659e-12
0.014309801
7.3772522e-12
0.014336323
7.3898243e-12
0.014361043
5.7529603e-12
0.014384087
1.7130291e-12
0.014405571
-3.7514774e-12
0.014425604
-7.2706504e-12
0.014444285
-5.9747442e-12
0.014461708
-3.4267629e-12
0.014477959
5.2671595e-13
0.014493119
6.8894374e-12
0.014507262
1.1902019e-11
0.014520457
1.0540258e-11
0.014532769
8.5202898e-12
0.014544258
3.0339573e-12
0.014554979
-3.522157e-12
0.014564985
-8.8983082e-12
0.014574324
-8.0360857e-12
0.01458304
-3.0345004e-12
0.014591177
2.3905823e-12
0.014598771
1.25927e-11
0.014605861
2.0971204e-11
0.014612479
2.0941903e-11
0.014618658
1.7711664e-11
0.014624427
7.4794576e-12
0.014629813
-3.7430911e-12
0.014634842
-1.3728856e-11
0.014639537
-1.4290933e-11
0.014643921
-5.6763008e-12
0.014648015
4.421797e-12
0.014651837
1.8249033e-11
0.014655407
3.1300388e-11
0.01465874
3.3412853e-11
0.014661853
2.7350747e-11
0.01466476
1.3172328e-11
0.014667474
-2.1600084e-12
0.01467001
-1.6675829e-11
0.014672377
-1.8551098e-11
0.014674588
-7.1807902e-12
0.014676653
5.8390046e-12
0.014678582
2.2026119e-11
0.014680383
3.7060853e-11
0.014682065
3.69239e-11
0.014683636
2.4791784e-11
0.014685104
8.5827343e-12
0.014686474
-1.0437216e-11
0.014687754
-2.2780112e-11
0.01468895
-1.9367981e-11
0.014690066
-4.971617e-12
0.014691109
9.5371521e-12
0.014692084
2.3913281e-11
0.014692994
3.02582e-11
0.014693844
1.6754222e-11
0.014694637
-7.8325287e-12
0.014695379
-2.6906679e-11
0.014696071
-4.5368348e-11
0.014696718
-5.6703163e-11
0.014697322
-4.2900458e-11
0.014697887
-2.4725828e-11
0.014698413
-1.4834532e-11
0.014698907
-1.4708276e-11
0.014699365
-1.0591182e-11
0.014699798
-5.034307e-11
0.014700197
-8.2946111e-11
0.014700577
-7.1451393e-11
0.014700924
-5.7553794e-11
0.014701262
-4.7182524e-11
-6.3042188e-11
0.010068394
-6.839355e-05
0.010267405
-0.00019901111
0.010549879
-0.00028247387
0.010858545
-0.0003086665
0.011167288
-0.00030874343
0.011466046
-0.0002987579
0.01174706
-0.00028101346
0.012004047
-0.00025698755
0.012234567
-0.0002305198
0.012439713
-0.00020514588
0.012622275
-0.00018256235
0.012785275
-0.00016299957
0.0129315
-0.00014622491
0.013063403
-0.00013190313
0.013183077
-0.00011967427
0.013292252
-0.00010917462
0.013392321
-0.00010006907
0.013484397
-9.2076368e-05
0.013569373
-8.4975253e-05
0.013647971
-7.8598612e-05
0.013720794
-7.2822302e-05
0.013788347
-6.7553937e-05
0.013851071
-6.2723925e-05
0.01390935
-5.8278898e-05
0.013963527
-5.417699e-05
0.014013912
-5.0384435e-05
0.014060785
-4.6873166e-05
0.014104404
-4.361918e-05
0.014145005
-4.060146e-05
0.014182807
-3.7801278e-05
0.014218009
-3.5201751e-05
0.014250796
-3.2787529e-05
0.014281341
-3.0544594e-05
0.014309801
-2.8460094e-05
0.014336323
-2.6522229e-05
0.014361043
-2.4720143e-05
0.014384087
-2.3043849e-05
0.014405571
-2.1484144e-05
0.014425604
-2.0032554e-05
0.014444285
-1.8681259e-05
0.014461708
-1.7423049e-05
0.014477959
-1.6251266e-05
0.014493119
-1.5159756e-05
0.014507262
-1.4142833e-05
0.014520457
-1.3195234e-05
0.014532769
-1.2312088e-05
0.014544258
-1.1488885e-05
0.014554979
-1.0721449e-05
0.014564985
-1.0005907e-05
0.014574324
-9.3386715e-06
0.01458304
-8.7164123e-06
0.014591177
-8.1360386e-06
0.014598771
-7.5946799e-06
0.014605861
-7.0896661e-06
0.014612479
-6.6185139e-06
0.014618658
-6.178915e-06
0.014624427
-5.7687204e-06
0.014629813
-5.3859334e-06
0.014634842
-5.0286999e-06
0.014639537
-4.6952969e-06
0.014643921
-4.3841221e-06
0.014648015
-4.093682e-06
0.014651837
-3.8225856e-06
0.014655407
-3.56953e-06
0.01465874
-3.3333012e-06
0.014661853
-3.1127651e-06
0.01466476
-2.9068676e-06
0.014667475
-2.7146245e-06
0.01467001
-2.5351295e-06
0.014672377
-2.3675325e-06
0.014674588
-2.2110541e-06
0.014676653
-2.0649477e-06
0.014678582
-1.9285399e-06
0.014680383
-1.8011636e-06
0.014682065
-1.6822346e-06
0.014683636
-1.5711502e-06
0.014685104
-1.4674282e-06
0.014686474
-1.3705155e-06
0.014687754
-1.2800541e-06
0.01468895
-1.1955076e-06
0.014690067
-1.1166548e-06
0.01469111
-1.0429018e-06
0.014692084
-9.7421358e-07
0.014692994
-9.0982829e-07
0.014693844
-8.5001929e-07
0.014694637
-7.9369223e-07
0.014695379
-7.4168852e-07
0.014696071
-6.9225445e-07
0.014696718
-6.4725305e-07
0.014697322
-6.0363407e-07
0.014697887
-5.6511534e-07
0.014698413
-5.2618164e-07
0.014698907
-4.9389563e-07
0.014699365
-4.5831277e-07
0.014699798
-4.3258345e-07
0.014700197
-3.9878808e-07
0.014700577
-3.806117e-07
0.014700924
-3.4681849e-07
0.014701262
-3.3782634e-07
-3.053196e-07
0.010097182
-0.00016557515
0.010346961
-0.00044879099
0.010662469
-0.00059798178
0.010982753
-0.00062895026
0.011290229
-0.00061621887
0.011575251
-0.00058378055
0.011829022
-0.0005347842
0.012047865
-0.00047583048
0.012233272
-0.00041592664
0.01238924
-0.00036111399
0.012520295
-0.00031361711
0.012630755
-0.00027346026
0.012724428
-0.00023989719
0.012804515
-0.00021199032
0.012873613
-0.00018877262
0.012933772
-0.00016933389
0.012986596
-0.00015289297
0.013033332
-0.00013881183
0.01307495
-0.00012659379
0.013112216
-0.00011586444
0.013145739
-0.00010634493
0.013176012
-9.7826994e-05
0.013203441
-9.0153361e-05
0.013228366
-8.3203371e-05
0.013251071
-7.6882624e-05
0.013271802
-7.1115573e-05
0.01329077
-6.5840303e-05
0.013308155
-6.1004914e-05
0.013324119
-5.6565068e-05
0.0133388
-5.2482329e-05
0.013352321
-4.8723015e-05
0.013364791
-4.5257376e-05
0.013376306
-4.2058986e-05
0.01338695
-3.9104272e-05
0.0133968
-3.6372131e-05
0.013405923
-3.3843623e-05
0.013414381
-3.1501708e-05
0.013422228
-2.9331027e-05
0.013429513
-2.7317702e-05
0.013436281
-2.5449168e-05
0.013442572
-2.3714032e-05
0.013448423
-2.2101934e-05
0.013453866
-2.060344e-05
0.013458933
-1.9209944e-05
0.013463652
-1.7913576e-05
0.013468047
-1.6707132e-05
0.013472142
-1.5584007e-05
0.013475959
-1.4538136e-05
0.013479517
-1.3563943e-05
0.013482834
-1.2656294e-05
0.013485928
-1.1810459e-05
0.013488814
-1.1022071e-05
0.013491507
-1.0287095e-05
0.013494019
-9.6017959e-06
0.013496363
-8.9627184e-06
0.013498551
-8.3666568e-06
0.013500593
-7.8106418e-06
0.013502499
-7.2919213e-06
0.013504278
-6.8079428e-06
0.013505939
-6.3563384e-06
0.01350749
-5.93491e-06
0.013508938
-5.5416143e-06
0.01351029
-5.1745493e-06
0.013511552
-4.831941e-06
0.013512731
-4.5121398e-06
0.013513832
-4.2136025e-06
0.01351486
-3.9348975e-06
0.01351582
-3.6746902e-06
0.013516716
-3.4317479e-06
0.013517554
-3.2049134e-06
0.013518336
-2.9931251e-06
0.013519066
-2.7953742e-06
0.013519749
-2.6107427e-06
0.013520386
-2.4383321e-06
0.013520981
-2.2773538e-06
0.013521537
-2.1269992e-06
0.013522056
-1.9866106e-06
0.013522541
-1.8554529e-06
0.013522994
-1.7330163e-06
0.013523417
-1.6185931e-06
0.013523812
-1.5118452e-06
0.013524181
-1.4120193e-06
0.013524526
-1.3189983e-06
0.013524848
-1.2318583e-06
0.013525149
-1.150837e-06
0.01352543
-1.0746564e-06
0.013525692
-1.0041708e-06
0.013525937
-9.3740186e-07
0.013526166
-8.7630142e-07
0.01352638
-8.1752316e-07
0.01352658
-7.6499882e-07
0.013526767
-7.1276481e-07
0.013526941
-6.6839346e-07
0.013527104
-6.2109248e-07
0.013527257
-5.8515936e-07
0.013527399
-5.4090648e-07
0.013527533
-5.149636e-07
0.013527658
-4.718213e-07
0.013527779
-4.5867214e-07
-4.1546265e-07
0.010188704
-0.00035427933
0.010530487
-0.00079057335
0.010851453
-0.00091894821
0.011124174
-0.00090167137
0.011350581
-0.00084262623
0.011524486
-0.00075768559
0.01164633
-0.00065662743
0.011724155
-0.00055365586
0.011767999
-0.00045977083
0.011786639
-0.00037975353
0.011787114
-0.00031409258
0.011775058
-0.00026140425
0.011754861
-0.00021969948
0.011729768
-0.00018689787
0.011702054
-0.00016105803
0.011673239
-0.00014051896
0.011644339
-0.00012399297
0.011616003
-0.000110476
0.011588629
-9.9219866e-05
0.011562446
-8.9681393e-05
0.011537572
-8.1470655e-05
0.011514052
-7.4307835e-05
0.011491889
-6.7990491e-05
0.011471056
-6.2369993e-05
0.011451509
-5.7335026e-05
0.011433193
-5.28002e-05
0.011416051
-4.8698282e-05
0.011400021
-4.4974965e-05
0.011385042
-4.1585393e-05
0.011371051
-3.8491839e-05
0.01135799
-3.566214e-05
0.011345801
-3.3068593e-05
0.01133443
-3.0687157e-05
0.011323822
-2.8496844e-05
0.011313929
-2.6479247e-05
0.011304704
-2.4618162e-05
0.011296101
-2.2899268e-05
0.01128808
-2.130987e-05
0.011280601
-1.9838676e-05
0.011273628
-1.847561e-05
0.011267125
-1.7211651e-05
0.011261062
-1.6038697e-05
0.011255408
-1.494945e-05
0.011250135
-1.3937314e-05
0.011245218
-1.2996313e-05
0.011240632
-1.2121016e-05
0.011236354
-1.1306479e-05
0.011232364
-1.0548185e-05
0.011228643
-9.8420032e-06
0.01122517
-9.1841469e-06
0.011221931
-8.5711381e-06
0.011218909
-7.9997769e-06
0.011216089
-7.4671154e-06
0.011213457
-6.9704333e-06
0.011211002
-6.5072167e-06
0.01120871
-6.0751408e-06
0.011206572
-5.6720535e-06
0.011204576
-5.2959611e-06
0.011202713
-4.9450152e-06
0.011200974
-4.6175008e-06
0.011199351
-4.3118261e-06
0.011197836
-4.0265112e-06
0.011196422
-3.7601815e-06
0.011195101
-3.5115574e-06
0.011193868
-3.2794483e-06
0.011192718
-3.0627431e-06
0.011191643
-2.8604106e-06
0.01119064
-2.671486e-06
0.011189703
-2.495076e-06
0.011188829
-2.3303421e-06
0.011188012
-2.1765135e-06
0.01118725
-2.0328574e-06
0.011186538
-1.8987092e-06
0.011185873
-1.773424e-06
0.011185252
-1.6564314e-06
0.011184672
-1.5471545e-06
0.01118413
-1.4451161e-06
0.011183625
-1.3497878e-06
0.011183152
-1.2607883e-06
0.011182712
-1.1776128e-06
0.0111823
-1.0999941e-06
0.011181915
-1.0274098e-06
0.011181556
-9.5973845e-07
0.01118122
-8.9637429e-07
0.011180907
-8.3740892e-07
0.011180614
-7.8204428e-07
0.011180341
-7.3071894e-07
0.011180086
-6.8225921e-07
0.011179847
-6.3768557e-07
0.011179625
-5.9513728e-07
0.011179416
-5.566294e-07
0.011179223
-5.1905242e-07
0.01117904
-4.8615612e-07
0.011178872
-4.5266741e-07
0.011178712
-4.2531519e-07
0.011178566
-3.95042e-07
0.011178425
-3.7411638e-07
0.0111783
-3.4686607e-07
0.011178177
-3.357494e-07
-3.1014909e-07
0.010339525
-0.00069380426
0.010570754
-0.0010218027
0.010606301
-0.00095449448
0.010547572
-0.00084294334
0.010422317
-0.0007173708
0.010244356
-0.00057972443
0.010039421
-0.00045169204
0.0098287427
-0.00034297801
0.009625135
-0.00025616318
0.0094353013
-0.00018991984
0.0092624277
-0.00014121897
0.0091075332
-0.0001065098
0.008970154
-8.2320217e-05
0.0088489023
-6.5646241e-05
0.0087419716
-5.4127252e-05
0.0086474927
-4.6040049e-05
0.008563694
-4.0194295e-05
0.0084890108
-3.5792759e-05
0.0084221096
-3.2318761e-05
0.0083618775
-2.944928e-05
0.0083073954
-2.6988573e-05
0.0082579079
-2.4820295e-05
0.0082127929
-2.2875476e-05
0.0081715353
-2.1112416e-05
0.0081337049
-1.9504658e-05
0.0080989388
-1.8034023e-05
0.0080669272
-1.6686736e-05
0.0080374036
-1.5451373e-05
0.0080101361
-1.4317867e-05
0.0079849213
-1.3277071e-05
0.0079615798
-1.2320585e-05
0.0079399519
-1.144071e-05
0.0079198952
-1.0630424e-05
0.0079012817
-9.8833585e-06
0.0078839962
-9.1937708e-06
0.0078679345
-8.5565025e-06
0.0078530022
-7.9669312e-06
0.0078391133
-7.4209183e-06
0.0078261893
-6.9147583e-06
0.0078141589
-6.4451296e-06
0.0078029563
-6.0090487e-06
0.0077925214
-5.6038303e-06
0.007782799
-5.2270508e-06
0.0077737382
-4.8765169e-06
0.0077652921
-4.5502379e-06
0.0077574175
-4.2464021e-06
0.0077500744
-3.9633564e-06
0.0077432258
-3.6995878e-06
0.0077368375
-3.4537089e-06
0.0077308778
-3.2244451e-06
0.0077253173
-3.0106229e-06
0.0077201286
-2.8111607e-06
0.0077152866
-2.6250605e-06
0.0077107675
-2.4514e-06
0.0077065497
-2.2893258e-06
0.0077026126
-2.1380475e-06
0.0076989374
-1.996832e-06
0.0076955064
-1.8649982e-06
0.0076923033
-1.7419123e-06
0.0076893128
-1.6269848e-06
0.0076865206
-1.5196667e-06
0.0076839136
-1.4194474e-06
0.0076814792
-1.3258528e-06
0.0076792061
-1.238442e-06
0.0076770834
-1.1568048e-06
0.0076751013
-1.0805586e-06
0.0076732502
-1.0093478e-06
0.0076715216
-9.4283774e-07
0.0076699073
-8.8071718e-07
0.0076683996
-8.2269226e-07
0.0076669916
-7.684926e-07
0.0076656765
-7.17861e-07
0.0076644484
-6.7056561e-07
0.0076633013
-6.2638186e-07
0.00766223
-5.8511387e-07
0.0076612294
-5.4656134e-07
0.0076602949
-5.1056052e-07
0.0076594221
-4.769247e-07
0.0076586068
-4.4552094e-07
0.0076578454
-4.1616696e-07
0.0076571341
-3.8876935e-07
0.0076564698
-3.6313909e-07
0.0076558493
-3.3923825e-07
0.0076552698
-3.1685133e-07
0.0076547284
-2.9601886e-07
0.0076542228
-2.7645954e-07
0.0076537504
-2.5832908e-07
0.0076533094
-2.412204e-07
0.0076528972
-2.2547062e-07
0.0076525125
-2.1046593e-07
0.0076521527
-1.9682567e-07
0.0076518172
-1.8362303e-07
0.007651503
-1.7188928e-07
0.0076512106
-1.6029548e-07
0.0076509356
-1.5031789e-07
0.007650681
-1.4038844e-07
0.007650439
-1.3208546e-07
0.0076502171
-1.2498316e-07
0.0076500007
-1.1933444e-07
-1.2548849e-07
0.0093061957
0.0082843931
0.0073298986
0.0064869553
0.0057695845
0.00518986
0.004738168
0.00439519
0.0041390268
0.003949107
0.003807888
0.0037013782
0.003619058
0.0035534117
0.0034992845
0.0034532444
0.0034130501
0.0033772574
0.0033449386
0.0033154893
0.0032885008
0.0032636805
0.003240805
0.0032196926
0.0032001879
0.0031821539
0.0031654672
0.0031500158
0.0031356979
0.0031224208
0.0031101003
0.0030986595
0.0030880291
0.0030781458
0.003068952
0.0030603955
0.0030524286
0.0030450077
0.0030380929
0.0030316478
0.0030256387
0.0030200349
0.0030148078
0.0030099313
0.0030053811
0.0030011347
0.0029971713
0.0029934717
0.002990018
0.0029867936
0.002983783
0.0029809718
0.0029783467
0.0029758953
0.002973606
0.002971468
0.0029694711
0.0029676061
0.0029658642
0.0029642372
0.0029627176
0.0029612981
0.0029599722
0.0029587338
0.002957577
0.0029564965
0.0029554871
0.0029545443
0.0029536636
0.0029528409
0.0029520724
0.0029513545
0.0029506839
0.0029500575
0.0029494724
0.0029489259
0.0029484153
0.0029479384
0.0029474929
0.0029470767
0.0029466879
0.0029463248
0.0029459855
0.0029456687
0.0029453727
0.0029450962
0.0029448379
0.0029445967
0.0029443712
0.0029441608
0.0029439639
0.0029437803
0.0029436084
0.0029434481
0.0029432978
0.0029431574
0.0029430253
0.0029429003
0.002942781
)
;

boundaryField
{
    top
    {
        type            calculated;
        value           uniform 0;
    }
    inlet
    {
        type            calculated;
        value           nonuniform List<scalar> 10(-0.01 -0.01 -0.01 -0.01 -0.01 -0.01 -0.01 -0.01 -0.01 -0.01);
    }
    outlet
    {
        type            calculated;
        value           nonuniform List<scalar> 10(0.0029426556 0.0076498162 0.011178072 0.013527889 0.014701567 0.014701567 0.013527889 0.011178072 0.007649816 0.0029426555);
    }
    bottom
    {
        type            calculated;
        value           uniform 0;
    }
    back
    {
        type            empty;
        value           nonuniform 0();
    }
    front
    {
        type            empty;
        value           nonuniform 0();
    }
}


// ************************************************************************* //
