/*--------------------------------*- C++ -*----------------------------------*\
| =========                 |                                                 |
| \\      /  F ield         | OpenFOAM: The Open Source CFD Toolbox           |
|  \\    /   O peration     | Version:  v1812                                 |
|   \\  /    A nd           | Web:      www.OpenFOAM.com                      |
|    \\/     M anipulation  |                                                 |
\*---------------------------------------------------------------------------*/
FoamFile
{
    version     2.0;
    format      ascii;
    class       surfaceScalarField;
    location    "15.6";
    object      phi;
}
// * * * * * * * * * * * * * * * * * * * * * * * * * * * * * * * * * * * * * //

dimensions      [0 3 -1 0 0 0 0];
oriented        oriented;


internalField   nonuniform List<scalar> 
1890
(
0.0093061958
0.00069380425
0.0082843931
0.0010218027
0.0073298986
0.00095449446
0.0064869553
0.00084294331
0.0057695845
0.00071737078
0.00518986
0.00057972443
0.004738168
0.00045169205
0.00439519
0.00034297802
0.0041390268
0.00025616318
0.003949107
0.00018991983
0.003807888
0.00014121897
0.0037013782
0.0001065098
0.003619058
8.2320219e-05
0.0035534117
6.5646243e-05
0.0034992845
5.4127248e-05
0.0034532444
4.6040039e-05
0.0034130501
4.0194285e-05
0.0033772574
3.5792752e-05
0.0033449386
3.2318762e-05
0.0033154893
2.9449287e-05
0.0032885008
2.6988588e-05
0.0032636805
2.4820311e-05
0.003240805
2.2875488e-05
0.0032196926
2.111242e-05
0.0032001879
1.9504654e-05
0.0031821539
1.8034009e-05
0.0031654671
1.6686721e-05
0.0031500158
1.5451358e-05
0.0031356979
1.4317863e-05
0.0031224209
1.3277073e-05
0.0031101003
1.2320597e-05
0.0030986596
1.1440728e-05
0.0030880291
1.0630442e-05
0.0030781458
9.8833712e-06
0.003068952
9.1937734e-06
0.0030603955
8.5564939e-06
0.0030524285
7.9669121e-06
0.0030450076
7.4208961e-06
0.0030380929
6.9147421e-06
0.0030316478
6.4451214e-06
0.0030256387
6.0090562e-06
0.0030200349
5.603848e-06
0.0030148078
5.2270768e-06
0.0030099313
4.876542e-06
0.0030053811
4.550252e-06
0.0030011346
4.246403e-06
0.0029971713
3.963337e-06
0.0029934717
3.6995581e-06
0.002990018
3.4536789e-06
0.0029867936
3.2244204e-06
0.002983783
3.0106194e-06
0.0029809718
2.8111767e-06
0.0029783467
2.6250951e-06
0.0029758953
2.4514441e-06
0.002973606
2.2893585e-06
0.0029714679
2.1380619e-06
0.0029694711
1.9968099e-06
0.0029676061
1.8649537e-06
0.0029658642
1.7418589e-06
0.0029642372
1.6269406e-06
0.0029627176
1.5196535e-06
0.0029612982
1.4194687e-06
0.0029599723
1.325908e-06
0.0029587338
1.2385121e-06
0.002957577
1.1568612e-06
0.0029564964
1.0805833e-06
0.002955487
1.009323e-06
0.0029545442
9.4276663e-07
0.0029536635
8.8063367e-07
0.0029528409
8.2261901e-07
0.0029520724
7.6846856e-07
0.0029513546
7.1789991e-07
0.002950684
6.7065091e-07
0.0029500575
6.2648596e-07
0.0029494724
5.8519119e-07
0.0029489258
5.4657807e-07
0.0029484152
5.1050975e-07
0.0029479383
4.7681163e-07
0.0029474929
4.4539842e-07
0.0029470768
4.1607901e-07
0.002946688
3.8875556e-07
0.0029463249
3.6321318e-07
0.0029459856
3.3935935e-07
0.0029456687
3.1698527e-07
0.0029453726
2.9608103e-07
0.0029450962
2.764203e-07
0.0029448379
2.5821007e-07
0.0029445967
2.4105649e-07
0.0029443712
2.2532797e-07
0.0029441609
2.104155e-07
0.0029439642
1.9685256e-07
0.0029437803
1.837807e-07
0.0029436083
1.7211892e-07
0.002943448
1.603787e-07
0.0029432978
1.5018507e-07
0.0029431574
1.402901e-07
0.0029430254
1.3210559e-07
0.0029429003
1.2510934e-07
0.0029427808
1.1941632e-07
1.2577744e-07
0.010339525
0.00035427931
0.010570754
0.00079057333
0.010606301
0.00091894817
0.010547572
0.00090167133
0.010422317
0.0008426262
0.010244356
0.00075768557
0.010039421
0.00065662743
0.0098287427
0.00055365586
0.009625135
0.00045977083
0.0094353013
0.00037975353
0.0092624277
0.00031409258
0.0091075333
0.00026140425
0.008970154
0.00021969948
0.0088489024
0.00018689785
0.0087419716
0.00016105801
0.0086474927
0.00014051893
0.008563694
0.00012399295
0.0084890108
0.000110476
0.0084221097
9.9219874e-05
0.0083618775
8.9681414e-05
0.0083073955
8.1470679e-05
0.0082579079
7.4307858e-05
0.0082127929
6.7990503e-05
0.0081715353
6.236999e-05
0.0081337049
5.7335012e-05
0.0080989388
5.2800179e-05
0.0080669272
4.8698261e-05
0.0080374036
4.4974955e-05
0.0080101361
4.1585392e-05
0.0079849213
3.8491853e-05
0.0079615798
3.5662162e-05
0.0079399519
3.3068619e-05
0.0079198951
3.0687178e-05
0.0079012816
2.8496854e-05
0.0078839962
2.6479243e-05
0.0078679345
2.4618141e-05
0.0078530022
2.289924e-05
0.0078391133
2.1309843e-05
0.0078261893
1.983866e-05
0.0078141589
1.8475613e-05
0.0078029563
1.7211669e-05
0.0077925214
1.603873e-05
0.007782799
1.4949484e-05
0.0077737382
1.3937341e-05
0.0077652921
1.2996323e-05
0.0077574175
1.2121001e-05
0.0077500744
1.1306449e-05
0.0077432258
1.0548144e-05
0.0077368375
9.8419685e-06
0.0077308778
9.1841327e-06
0.0077253173
8.5711454e-06
0.0077201287
7.9998151e-06
0.0077152866
7.4671684e-06
0.0077107675
6.9704865e-06
0.0077065496
6.5072507e-06
0.0077026125
6.0751342e-06
0.0076989373
5.6720123e-06
0.0076955064
5.2958941e-06
0.0076923033
4.9449537e-06
0.0076893128
4.6174681e-06
0.0076865206
4.3118334e-06
0.0076839135
4.0265685e-06
0.0076814792
3.760265e-06
0.007679206
3.5116443e-06
0.0076770834
3.2795052e-06
0.0076751012
3.0627425e-06
0.0076732501
2.8603521e-06
0.0076715215
2.6713884e-06
0.0076699072
2.4949705e-06
0.0076683996
2.3302841e-06
0.0076669915
2.1765238e-06
0.0076656765
2.0329411e-06
0.0076644483
1.8988405e-06
0.0076633013
1.7735472e-06
0.0076622299
1.6564977e-06
0.0076612293
1.5471337e-06
0.0076602948
1.4450059e-06
0.007659422
1.3496336e-06
0.0076586068
1.2606425e-06
0.0076578453
1.1775436e-06
0.0076571341
1.1000349e-06
0.0076564698
1.0275348e-06
0.0076558493
9.599027e-07
0.0076552697
8.9650486e-07
0.0076547282
8.3744191e-07
0.0076542228
7.8189659e-07
0.0076537505
7.3046397e-07
0.0076533094
6.8213932e-07
0.0076528972
6.3760486e-07
0.0076525127
5.9496327e-07
0.0076521529
5.5670487e-07
0.0076518171
5.1954074e-07
0.0076515027
4.8641426e-07
0.0076512105
4.524595e-07
0.0076509355
4.2510971e-07
0.0076506807
3.9526461e-07
0.0076504385
3.7433014e-07
0.0076502165
3.4709106e-07
0.0076499999
3.3605922e-07
3.1077357e-07
0.010188704
0.00016557515
0.010530487
0.00044879097
0.010851453
0.00059798174
0.011124174
0.00062895021
0.011350581
0.00061621883
0.011524486
0.00058378053
0.01164633
0.00053478419
0.011724155
0.00047583049
0.011767999
0.00041592665
0.011786639
0.00036111399
0.011787114
0.0003136171
0.011775058
0.00027346024
0.011754861
0.00023989717
0.011729768
0.00021199029
0.011702054
0.00018877259
0.011673239
0.00016933386
0.011644339
0.00015289295
0.011616003
0.00013881182
0.011588629
0.00012659379
0.011562446
0.00011586445
0.011537572
0.00010634495
0.011514052
9.7827006e-05
0.01149189
9.0153368e-05
0.011471056
8.3203369e-05
0.011451509
7.6882613e-05
0.011433193
7.1115561e-05
0.011416051
6.5840295e-05
0.011400021
6.1004909e-05
0.011385042
5.6565073e-05
0.011371051
5.2482341e-05
0.01135799
4.8723034e-05
0.011345801
4.5257395e-05
0.01133443
4.2059001e-05
0.011323822
3.9104278e-05
0.011313929
3.6372123e-05
0.011304704
3.3843605e-05
0.011296101
3.1501688e-05
0.01128808
2.9331014e-05
0.011280601
2.7317699e-05
0.011273628
2.5449178e-05
0.011267125
2.3714055e-05
0.011261062
2.2101959e-05
0.011255408
2.0603464e-05
0.011250135
1.9209956e-05
0.011245218
1.7913571e-05
0.011240632
1.6707115e-05
0.011236354
1.5583981e-05
0.011232364
1.4538114e-05
0.011228643
1.356393e-05
0.01122517
1.2656297e-05
0.011221931
1.1810488e-05
0.011218909
1.102211e-05
0.011216089
1.0287139e-05
0.011213457
9.6018265e-06
0.011211002
8.9627195e-06
0.01120871
8.3666306e-06
0.011206572
7.8105969e-06
0.011204576
7.2918829e-06
0.011202713
6.8079227e-06
0.011200974
6.3563474e-06
0.011199351
5.9349567e-06
0.011197836
5.5416764e-06
0.011196422
5.174615e-06
0.011195101
4.8319826e-06
0.011193868
4.5121443e-06
0.011192718
4.2135682e-06
0.011191643
3.934836e-06
0.01119064
3.6746284e-06
0.011189703
3.4317175e-06
0.011188829
3.2049238e-06
0.011188012
2.99319e-06
0.011187249
2.7954651e-06
0.011186537
2.6108248e-06
0.011185873
2.438376e-06
0.011185252
2.2773401e-06
0.011184672
2.12693e-06
0.01118413
1.9865156e-06
0.011183625
1.8553684e-06
0.011183152
1.7329874e-06
0.011182711
1.6186333e-06
0.011182299
1.5119292e-06
0.011181915
1.4121146e-06
0.011181556
1.3190618e-06
0.01118122
1.2318457e-06
0.011180907
1.1507018e-06
0.011180614
1.0745263e-06
0.011180341
1.0041119e-06
0.011180086
9.3726942e-07
0.011179847
8.7618812e-07
0.011179625
8.1774228e-07
0.011179416
7.6530663e-07
0.011179222
7.1273839e-07
0.01117904
6.6811393e-07
0.011178872
6.2105071e-07
0.011178712
5.8531612e-07
0.011178566
5.4114173e-07
0.011178425
5.1519173e-07
0.0111783
4.7226642e-07
0.011178177
4.5901647e-07
4.1606666e-07
0.010097182
6.8393549e-05
0.010346961
0.0001990111
0.010662469
0.00028247385
0.010982753
0.00030866646
0.011290229
0.00030874339
0.011575251
0.00029875786
0.011829022
0.00028101344
0.012047865
0.00025698754
0.012233272
0.00023051981
0.01238924
0.00020514589
0.012520295
0.00018256234
0.012630755
0.00016299955
0.012724428
0.00014622489
0.012804515
0.0001319031
0.012873613
0.00011967425
0.012933772
0.00010917459
0.012986596
0.00010006906
0.013033332
9.2076357e-05
0.01307495
8.4975247e-05
0.013112216
7.8598611e-05
0.013145739
7.2822304e-05
0.013176012
6.7553942e-05
0.013203441
6.2723928e-05
0.013228366
5.8278899e-05
0.013251071
5.4176991e-05
0.013271802
5.0384435e-05
0.01329077
4.6873165e-05
0.013308155
4.3619181e-05
0.013324119
4.0601463e-05
0.0133388
3.7801285e-05
0.013352321
3.5201759e-05
0.013364791
3.2787539e-05
0.013376306
3.0544601e-05
0.01338695
2.8460095e-05
0.0133968
2.6522226e-05
0.013405923
2.4720139e-05
0.013414381
2.3043844e-05
0.013422228
2.1484143e-05
0.013429513
2.0032558e-05
0.013436281
1.868127e-05
0.013442572
1.7423062e-05
0.013448423
1.625128e-05
0.013453866
1.5159765e-05
0.013458933
1.4142835e-05
0.013463652
1.3195227e-05
0.013468047
1.2312077e-05
0.013472142
1.1488876e-05
0.013475959
1.0721444e-05
0.013479517
1.0005913e-05
0.013482834
9.3386897e-06
0.013485928
8.716437e-06
0.013488814
8.1360697e-06
0.013491507
7.5947016e-06
0.013494019
7.0896709e-06
0.013496363
6.6185018e-06
0.013498551
6.1788935e-06
0.013500593
5.7687025e-06
0.013502499
5.3859265e-06
0.013504278
5.028713e-06
0.013505939
4.6953318e-06
0.01350749
4.3841654e-06
0.013508938
4.0937278e-06
0.01351029
3.8226134e-06
0.013511552
3.5695342e-06
0.013512731
3.3332808e-06
0.013513832
3.1127311e-06
0.01351486
2.90684e-06
0.01351582
2.7146182e-06
0.013516716
2.5351544e-06
0.013517554
2.3675918e-06
0.013518336
2.2111185e-06
0.013519066
2.0650005e-06
0.013519748
1.9285604e-06
0.013520386
1.8011409e-06
0.013520981
1.6821866e-06
0.013521537
1.5710951e-06
0.013522056
1.4673947e-06
0.013522541
1.370527e-06
0.013522994
1.2801108e-06
0.013523417
1.1955882e-06
0.013523812
1.1167222e-06
0.013524181
1.042926e-06
0.013524526
9.7417048e-07
0.013524848
9.097086e-07
0.013525148
8.4992441e-07
0.013525429
7.9368159e-07
0.013525692
7.4161827e-07
0.013525937
6.9216521e-07
0.013526166
6.474114e-07
0.01352638
6.0398944e-07
0.013526581
5.6505075e-07
0.013526767
5.2575485e-07
0.01352694
4.9376866e-07
0.013527104
4.5850119e-07
0.013527257
4.3260764e-07
0.013527399
3.9885503e-07
0.013527532
3.8081809e-07
0.013527658
3.4713027e-07
0.01352778
3.3801432e-07
3.0562065e-07
0.010068394
-5.086619e-12
0.010267405
-1.3204883e-11
0.010549879
-1.4298216e-11
0.010858545
-1.2220599e-11
0.011167288
-9.4809154e-12
0.011466046
-9.6154446e-12
0.01174706
-1.070955e-11
0.012004047
-1.2290394e-11
0.012234567
-1.3462363e-11
0.012439713
-1.4763505e-11
0.012622275
-1.497323e-11
0.012785275
-1.3907563e-11
0.0129315
-1.3170261e-11
0.013063403
-1.2574873e-11
0.013183077
-1.269622e-11
0.013292252
-1.3131319e-11
0.013392321
-1.2442227e-11
0.013484397
-9.9926203e-12
0.013569373
-5.561261e-12
0.013647971
-2.0954402e-12
0.013720793
-4.5944642e-13
0.013788347
-1.1253147e-13
0.013851071
1.3181098e-14
0.01390935
-5.4515504e-13
0.013963527
-4.3738073e-13
0.014013912
2.8696549e-13
0.014060785
7.3142255e-13
0.014104404
1.5394397e-12
0.014145005
4.2482746e-12
0.014182807
5.7029168e-12
0.014218009
6.8920787e-12
0.014250796
5.6002162e-12
0.014281341
3.1893618e-12
0.014309801
-2.4343017e-14
0.014336323
-2.8452353e-12
0.014361043
-2.7207349e-12
0.014384087
-2.2491447e-14
0.014405571
3.1341681e-12
0.014425604
6.0400486e-12
0.014444285
7.5851132e-12
0.014461708
7.0660036e-12
0.014477959
3.6302145e-12
0.014493119
6.728768e-13
0.014507262
-3.0802117e-12
0.014520457
-5.0963741e-12
0.014532769
-4.2671482e-12
0.014544258
-2.0876405e-12
0.01455498
1.3785032e-12
0.014564985
7.4543616e-12
0.014574324
1.428007e-11
0.01458304
1.6653904e-11
0.014591177
1.0603094e-11
0.014598771
3.0086709e-12
0.014605861
-7.3016153e-12
0.014612479
-1.5624627e-11
0.014618658
-1.5113276e-11
0.014624427
-5.6534421e-12
0.014629813
5.6476067e-12
0.014634842
1.8768465e-11
0.014639537
2.4895246e-11
0.014643921
2.2090046e-11
0.014648015
1.1613476e-11
0.014651837
9.3679821e-13
0.014655407
-1.261498e-11
0.01465874
-2.030321e-11
0.014661853
-1.6945026e-11
0.01466476
-6.5669659e-12
0.014667475
1.0500996e-11
0.01467001
2.9387242e-11
0.014672377
3.684475e-11
0.014674588
3.2720872e-11
0.014676653
1.2982362e-11
0.014678582
-9.5600869e-12
0.014680383
-3.0832018e-11
0.014682065
-4.1632885e-11
0.014683636
-2.7123036e-11
0.014685104
-2.1279862e-12
0.014686474
3.2535534e-11
0.014687754
5.5167778e-11
0.01468895
4.7353137e-11
0.014690067
1.951871e-11
0.014691109
-1.0369602e-11
0.014692084
-4.6386811e-11
0.014692994
-6.0750343e-11
0.014693843
-2.5671103e-11
0.014694636
1.0461582e-11
0.014695379
2.3287523e-11
0.014696072
5.8850682e-11
0.014696717
1.2154565e-10
0.014697321
5.8149376e-11
0.014697888
-7.785782e-11
0.014698414
-1.1915471e-10
0.014698905
-1.0344863e-10
0.014699364
3.3472947e-11
0.014699799
1.4691336e-10
0.014700198
8.5122838e-11
0.014700576
-1.3857887e-11
0.014700923
-4.5847147e-11
0.014701263
-7.7606943e-11
-7.7818762e-11
0.010068394
-6.8393558e-05
0.010267405
-0.00019901113
0.010549879
-0.00028247388
0.010858545
-0.00030866649
0.011167288
-0.00030874342
0.011466046
-0.00029875789
0.01174706
-0.00028101346
0.012004047
-0.00025698756
0.012234567
-0.00023051983
0.012439713
-0.00020514591
0.012622275
-0.00018256236
0.012785275
-0.00016299958
0.0129315
-0.00014622491
0.013063403
-0.00013190313
0.013183077
-0.00011967427
0.013292252
-0.00010917462
0.013392321
-0.00010006908
0.013484397
-9.2076369e-05
0.013569373
-8.4975253e-05
0.013647971
-7.8598614e-05
0.013720793
-7.2822304e-05
0.013788347
-6.7553938e-05
0.013851071
-6.2723926e-05
0.01390935
-5.82789e-05
0.013963527
-5.417699e-05
0.014013912
-5.0384435e-05
0.014060785
-4.6873165e-05
0.014104404
-4.3619178e-05
0.014145005
-4.0601455e-05
0.014182807
-3.7801273e-05
0.014218009
-3.5201749e-05
0.014250796
-3.278753e-05
0.014281341
-3.0544595e-05
0.014309801
-2.8460097e-05
0.014336323
-2.6522228e-05
0.014361043
-2.4720139e-05
0.014384087
-2.3043843e-05
0.014405571
-2.148414e-05
0.014425604
-2.003255e-05
0.014444285
-1.8681257e-05
0.014461708
-1.7423053e-05
0.014477959
-1.6251272e-05
0.014493119
-1.5159761e-05
0.014507262
-1.4142836e-05
0.014520457
-1.3195234e-05
0.014532769
-1.2312085e-05
0.014544258
-1.148888e-05
0.01455498
-1.0721443e-05
0.014564985
-1.00059e-05
0.014574324
-9.3386678e-06
0.01458304
-8.7164193e-06
0.014591177
-8.1360536e-06
0.014598771
-7.5946978e-06
0.014605861
-7.0896804e-06
0.014612479
-6.6185182e-06
0.014618658
-6.1789066e-06
0.014624427
-5.7687033e-06
0.014629813
-5.3859193e-06
0.014634842
-5.0286933e-06
0.014639537
-4.695297e-06
0.014643921
-4.3841365e-06
0.014648015
-4.093708e-06
0.014651837
-3.822612e-06
0.014655407
-3.569547e-06
0.01465874
-3.3333083e-06
0.014661853
-3.1127588e-06
0.01466476
-2.9068476e-06
0.014667475
-2.7146038e-06
0.01467001
-2.5351201e-06
0.014672377
-2.3675371e-06
0.014674588
-2.2110827e-06
0.014676653
-2.0649867e-06
0.014678582
-1.9285757e-06
0.014680383
-1.8011841e-06
0.014682065
-1.6822282e-06
0.014683636
-1.5711177e-06
0.014685104
-1.4673834e-06
0.014686474
-1.3704851e-06
0.014687754
-1.28006e-06
0.01468895
-1.195543e-06
0.014690067
-1.1167087e-06
0.014691109
-1.0429546e-06
0.014692084
-9.7421906e-07
0.014692994
-9.0976966e-07
0.014693843
-8.4994993e-07
0.014694636
-7.9365502e-07
0.014695379
-7.4158516e-07
0.014696072
-6.9211695e-07
0.014696717
-6.4727763e-07
0.014697321
-6.0382336e-07
0.014697888
-5.6525624e-07
0.014698414
-5.261042e-07
0.014698905
-4.9358134e-07
0.014699364
-4.5817917e-07
0.014699799
-4.3275635e-07
0.014700198
-3.9911411e-07
0.014700576
-3.8080497e-07
0.014700924
-3.470042e-07
0.014701263
-3.3803931e-07
-3.0572155e-07
0.010097182
-0.00016557515
0.010346961
-0.000448791
0.010662469
-0.00059798177
0.010982753
-0.00062895025
0.011290229
-0.00061621886
0.011575251
-0.00058378055
0.011829022
-0.0005347842
0.012047865
-0.0004758305
0.012233272
-0.00041592666
0.01238924
-0.000361114
0.012520295
-0.00031361712
0.012630755
-0.00027346026
0.012724428
-0.00023989719
0.012804515
-0.00021199032
0.012873613
-0.00018877261
0.012933772
-0.00016933388
0.012986596
-0.00015289296
0.013033332
-0.00013881183
0.01307495
-0.00012659379
0.013112216
-0.00011586445
0.013145739
-0.00010634494
0.013176012
-9.7827003e-05
0.013203441
-9.0153365e-05
0.013228366
-8.3203369e-05
0.013251071
-7.6882617e-05
0.013271802
-7.1115564e-05
0.01329077
-6.5840293e-05
0.013308155
-6.1004905e-05
0.013324119
-5.6565065e-05
0.0133388
-5.2482334e-05
0.013352321
-4.8723023e-05
0.013364791
-4.5257387e-05
0.013376306
-4.2058996e-05
0.01338695
-3.9104274e-05
0.0133968
-3.6372125e-05
0.013405923
-3.3843611e-05
0.013414381
-3.1501695e-05
0.013422228
-2.9331015e-05
0.013429513
-2.7317696e-05
0.013436281
-2.5449172e-05
0.013442572
-2.3714041e-05
0.013448423
-2.2101948e-05
0.013453866
-2.0603456e-05
0.013458933
-1.9209954e-05
0.013463652
-1.7913576e-05
0.013468047
-1.6707122e-05
0.013472142
-1.558399e-05
0.013475959
-1.4538115e-05
0.013479517
-1.3563928e-05
0.013482834
-1.2656295e-05
0.013485928
-1.1810474e-05
0.013488814
-1.1022099e-05
0.013491507
-1.0287126e-05
0.013494019
-9.601819e-06
0.013496363
-8.9627217e-06
0.013498551
-8.3666409e-06
0.013500593
-7.8106159e-06
0.013502499
-7.29189e-06
0.013504278
-6.8079199e-06
0.013505939
-6.3563373e-06
0.01350749
-5.9349299e-06
0.013508938
-5.5416511e-06
0.01351029
-5.1745955e-06
0.013511552
-4.831982e-06
0.013512731
-4.5121531e-06
0.013513832
-4.2135832e-06
0.01351486
-3.9348563e-06
0.01351582
-3.6746389e-06
0.013516716
-3.4317123e-06
0.013517554
-3.2049165e-06
0.013518336
-2.993164e-06
0.013519066
-2.7954399e-06
0.013519748
-2.6108099e-06
0.013520386
-2.4383722e-06
0.013520981
-2.2773499e-06
0.013521537
-2.1269551e-06
0.013522056
-1.986547e-06
0.013522541
-1.8553902e-06
0.013522994
-1.7329853e-06
0.013523417
-1.6186108e-06
0.013523812
-1.5118952e-06
0.013524181
-1.4120808e-06
0.013524526
-1.3190454e-06
0.013524848
-1.23185e-06
0.013525148
-1.1507664e-06
0.013525429
-1.0745671e-06
0.013525692
-1.004055e-06
0.013525937
-9.3724085e-07
0.013526166
-8.7630365e-07
0.01352638
-8.1778219e-07
0.013526581
-7.65021e-07
0.013526767
-7.1250892e-07
0.013526941
-6.6835008e-07
0.013527104
-6.2134341e-07
0.013527257
-5.8526473e-07
0.013527399
-5.4103397e-07
0.013527533
-5.1516091e-07
0.013527658
-4.7222163e-07
0.01352778
-4.590156e-07
-4.1607226e-07
0.010188704
-0.00035427932
0.010530487
-0.00079057335
0.010851453
-0.0009189482
0.011124174
-0.00090167137
0.011350581
-0.00084262623
0.011524486
-0.00075768559
0.01164633
-0.00065662744
0.011724155
-0.00055365586
0.011767999
-0.00045977083
0.011786639
-0.00037975354
0.011787114
-0.00031409259
0.011775058
-0.00026140427
0.011754861
-0.00021969949
0.011729768
-0.00018689787
0.011702054
-0.00016105802
0.011673239
-0.00014051894
0.011644339
-0.00012399295
0.011616003
-0.00011047599
0.011588629
-9.9219868e-05
0.011562446
-8.9681405e-05
0.011537572
-8.1470672e-05
0.011514052
-7.4307851e-05
0.01149189
-6.7990501e-05
0.011471056
-6.2369992e-05
0.011451509
-5.7335015e-05
0.011433193
-5.2800183e-05
0.011416051
-4.8698264e-05
0.011400021
-4.4974952e-05
0.011385042
-4.1585389e-05
0.011371051
-3.8491846e-05
0.01135799
-3.5662155e-05
0.011345801
-3.3068611e-05
0.01133443
-3.0687172e-05
0.011323822
-2.849685e-05
0.011313929
-2.6479242e-05
0.011304704
-2.4618148e-05
0.011296101
-2.2899248e-05
0.01128808
-2.1309852e-05
0.011280601
-1.9838665e-05
0.011273628
-1.847561e-05
0.011267125
-1.7211663e-05
0.011261062
-1.6038716e-05
0.011255408
-1.4949472e-05
0.011250135
-1.3937333e-05
0.011245218
-1.2996321e-05
0.011240632
-1.212101e-05
0.011236354
-1.1306457e-05
0.011232364
-1.0548156e-05
0.011228643
-9.8419786e-06
0.01122517
-9.1841369e-06
0.011221931
-8.5711476e-06
0.011218909
-7.9998035e-06
0.011216089
-7.4671515e-06
0.011213457
-6.9704658e-06
0.011211002
-6.5072349e-06
0.01120871
-6.075138e-06
0.011206572
-5.6720284e-06
0.011204576
-5.2959219e-06
0.011202713
-4.9449764e-06
0.011200974
-4.6174782e-06
0.011199351
-4.31183e-06
0.011197836
-4.0265423e-06
0.011196422
-3.7602336e-06
0.011195101
-3.5116135e-06
0.011193868
-3.279487e-06
0.011192718
-3.0627466e-06
0.011191643
-2.8603751e-06
0.01119064
-2.6714245e-06
0.011189703
-2.4950132e-06
0.011188829
-2.330306e-06
0.011188012
-2.1765233e-06
0.011187249
-2.0329102e-06
0.011186537
-1.8987887e-06
0.011185873
-1.7734983e-06
0.011185252
-1.6564715e-06
0.011184672
-1.547144e-06
0.01118413
-1.4450597e-06
0.011183625
-1.3497064e-06
0.011183152
-1.2607097e-06
0.011182711
-1.1775659e-06
0.0111823
-1.1000016e-06
0.011181915
-1.0274644e-06
0.011181556
-9.5981074e-07
0.01118122
-8.9644265e-07
0.011180907
-8.3743676e-07
0.011180614
-7.8196297e-07
0.011180341
-7.3055992e-07
0.011180086
-6.821965e-07
0.011179847
-6.3766609e-07
0.011179624
-5.950254e-07
0.011179416
-5.5653607e-07
0.011179223
-5.1916003e-07
0.01117904
-4.8630006e-07
0.011178872
-4.5280111e-07
0.011178712
-4.2542163e-07
0.011178566
-3.9517891e-07
0.011178425
-3.7414987e-07
0.0111783
-3.4705134e-07
0.011178177
-3.3599048e-07
-3.106982e-07
0.010339525
-0.00069380425
0.010570754
-0.0010218027
0.010606301
-0.00095449448
0.010547572
-0.00084294333
0.010422317
-0.0007173708
0.010244356
-0.00057972444
0.010039421
-0.00045169205
0.0098287427
-0.00034297801
0.009625135
-0.00025616318
0.0094353013
-0.00018991983
0.0092624277
-0.00014121897
0.0091075332
-0.0001065098
0.008970154
-8.2320226e-05
0.0088489023
-6.5646249e-05
0.0087419716
-5.4127255e-05
0.0086474927
-4.6040044e-05
0.008563694
-4.0194286e-05
0.0084890108
-3.5792751e-05
0.0084221096
-3.2318757e-05
0.0083618775
-2.9449283e-05
0.0083073954
-2.698858e-05
0.0082579079
-2.4820304e-05
0.0082127929
-2.2875482e-05
0.0081715353
-2.1112418e-05
0.0081337049
-1.9504655e-05
0.0080989388
-1.8034016e-05
0.0080669272
-1.6686726e-05
0.0080374036
-1.5451364e-05
0.0080101361
-1.4317863e-05
0.0079849213
-1.3277072e-05
0.0079615798
-1.2320591e-05
0.0079399519
-1.1440719e-05
0.0079198951
-1.0630433e-05
0.0079012817
-9.8833634e-06
0.0078839962
-9.1937707e-06
0.0078679345
-8.5564976e-06
0.0078530022
-7.9669225e-06
0.0078391133
-7.4209085e-06
0.0078261894
-6.9147511e-06
0.0078141589
-6.4451273e-06
0.0078029563
-6.0090521e-06
0.0077925214
-5.6038387e-06
0.007782799
-5.227062e-06
0.0077737382
-4.8765274e-06
0.0077652921
-4.5502443e-06
0.0077574175
-4.2464018e-06
0.0077500744
-3.9633479e-06
0.0077432258
-3.6995738e-06
0.0077368375
-3.4536954e-06
0.0077308778
-3.2244373e-06
0.0077253173
-3.0106239e-06
0.0077201286
-2.8111709e-06
0.0077152866
-2.625077e-06
0.0077107675
-2.4514167e-06
0.0077065496
-2.289337e-06
0.0077026125
-2.1380501e-06
0.0076989373
-1.996824e-06
0.0076955064
-1.8649809e-06
0.0076923033
-1.7418924e-06
0.0076893128
-1.6269702e-06
0.0076865206
-1.5196631e-06
0.0076839135
-1.4194576e-06
0.0076814792
-1.3258754e-06
0.007679206
-1.238469e-06
0.0076770834
-1.156826e-06
0.0076751012
-1.0805663e-06
0.0076732502
-1.0093378e-06
0.0076715216
-9.4281281e-07
0.0076699072
-8.806876e-07
0.0076683996
-8.226702e-07
0.0076669915
-7.6848781e-07
0.0076656765
-7.1787698e-07
0.0076644483
-6.7059741e-07
0.0076633012
-6.2641698e-07
0.0076622299
-5.8513891e-07
0.0076612294
-5.4656758e-07
0.0076602949
-5.1054522e-07
0.007659422
-4.7689341e-07
0.0076586068
-4.4548528e-07
0.0076578453
-4.1613751e-07
0.0076571341
-3.8875612e-07
0.0076564698
-3.6314931e-07
0.0076558492
-3.3926459e-07
0.0076552697
-3.1687948e-07
0.0076547283
-2.9604231e-07
0.0076542229
-2.7645797e-07
0.0076537506
-2.5827066e-07
0.0076533094
-2.4117012e-07
0.0076528971
-2.254831e-07
0.0076525126
-2.1041857e-07
0.0076521529
-1.9666846e-07
0.0076518172
-1.836106e-07
0.0076515028
-1.7205783e-07
0.0076512105
-1.6040653e-07
0.0076509355
-1.5028636e-07
0.0076506807
-1.4040194e-07
0.0076504386
-1.3208559e-07
0.0076502165
-1.2500094e-07
0.0076499999
-1.193372e-07
-1.25718e-07
0.0093061957
0.0082843931
0.0073298986
0.0064869553
0.0057695845
0.00518986
0.004738168
0.00439519
0.0041390268
0.003949107
0.003807888
0.0037013782
0.003619058
0.0035534117
0.0034992845
0.0034532444
0.0034130501
0.0033772574
0.0033449386
0.0033154893
0.0032885008
0.0032636805
0.003240805
0.0032196926
0.0032001879
0.0031821539
0.0031654672
0.0031500158
0.0031356979
0.0031224208
0.0031101003
0.0030986596
0.0030880291
0.0030781458
0.003068952
0.0030603955
0.0030524286
0.0030450076
0.0030380929
0.0030316478
0.0030256387
0.0030200349
0.0030148078
0.0030099313
0.0030053811
0.0030011347
0.0029971713
0.0029934717
0.002990018
0.0029867936
0.0029837829
0.0029809718
0.0029783467
0.0029758953
0.002973606
0.002971468
0.0029694711
0.0029676061
0.0029658642
0.0029642372
0.0029627175
0.0029612981
0.0029599722
0.0029587338
0.002957577
0.0029564965
0.0029554871
0.0029545443
0.0029536635
0.0029528408
0.0029520723
0.0029513545
0.0029506839
0.0029500576
0.0029494724
0.0029489259
0.0029484153
0.0029479384
0.0029474928
0.0029470767
0.0029466879
0.0029463248
0.0029459856
0.0029456687
0.0029453727
0.0029450963
0.002944838
0.0029445965
0.0029443711
0.002944161
0.0029439642
0.0029437803
0.0029436083
0.0029434482
0.002943298
0.0029431574
0.0029430253
0.0029429003
0.0029427809
)
;

boundaryField
{
    top
    {
        type            calculated;
        value           uniform 0;
    }
    inlet
    {
        type            calculated;
        value           nonuniform List<scalar> 10(-0.01 -0.01 -0.01 -0.01 -0.01 -0.01 -0.01 -0.01 -0.01 -0.01);
    }
    outlet
    {
        type            calculated;
        value           nonuniform List<scalar> 10(0.002942655 0.0076498149 0.011178072 0.01352789 0.014701569 0.014701569 0.01352789 0.011178072 0.007649815 0.0029426552);
    }
    bottom
    {
        type            calculated;
        value           uniform 0;
    }
    back
    {
        type            empty;
        value           nonuniform 0();
    }
    front
    {
        type            empty;
        value           nonuniform 0();
    }
}


// ************************************************************************* //
