/*--------------------------------*- C++ -*----------------------------------*\
| =========                 |                                                 |
| \\      /  F ield         | OpenFOAM: The Open Source CFD Toolbox           |
|  \\    /   O peration     | Version:  v1812                                 |
|   \\  /    A nd           | Web:      www.OpenFOAM.com                      |
|    \\/     M anipulation  |                                                 |
\*---------------------------------------------------------------------------*/
FoamFile
{
    version     2.0;
    format      ascii;
    class       surfaceScalarField;
    location    "17.7";
    object      phi;
}
// * * * * * * * * * * * * * * * * * * * * * * * * * * * * * * * * * * * * * //

dimensions      [0 3 -1 0 0 0 0];
oriented        oriented;


internalField   nonuniform List<scalar> 
1890
(
0.0093061958
0.00069380425
0.0082843931
0.0010218027
0.0073298986
0.00095449446
0.0064869553
0.00084294331
0.0057695845
0.00071737078
0.00518986
0.00057972443
0.004738168
0.00045169205
0.00439519
0.00034297802
0.0041390268
0.00025616318
0.003949107
0.00018991983
0.003807888
0.00014121897
0.0037013782
0.0001065098
0.003619058
8.2320219e-05
0.0035534117
6.5646243e-05
0.0034992845
5.4127248e-05
0.0034532444
4.6040037e-05
0.0034130502
4.0194282e-05
0.0033772574
3.5792748e-05
0.0033449386
3.2318757e-05
0.0033154894
2.9449282e-05
0.0032885008
2.6988583e-05
0.0032636805
2.4820307e-05
0.003240805
2.2875484e-05
0.0032196926
2.1112417e-05
0.0032001879
1.9504651e-05
0.0031821539
1.8034006e-05
0.0031654672
1.6686718e-05
0.0031500158
1.5451355e-05
0.0031356979
1.431786e-05
0.0031224209
1.3277069e-05
0.0031101003
1.2320594e-05
0.0030986596
1.1440725e-05
0.0030880291
1.0630439e-05
0.0030781458
9.8833694e-06
0.003068952
9.1937722e-06
0.0030603955
8.5564932e-06
0.0030524286
7.9669117e-06
0.0030450076
7.4208959e-06
0.0030380929
6.914742e-06
0.0030316478
6.4451212e-06
0.0030256387
6.0090561e-06
0.0030200349
5.6038482e-06
0.0030148078
5.2270773e-06
0.0030099313
4.8765429e-06
0.0030053811
4.5502532e-06
0.0030011346
4.2464042e-06
0.0029971713
3.9633381e-06
0.0029934717
3.6995588e-06
0.002990018
3.4536792e-06
0.0029867936
3.2244203e-06
0.002983783
3.0106191e-06
0.0029809718
2.8111765e-06
0.0029783467
2.6250951e-06
0.0029758953
2.4514446e-06
0.002973606
2.2893595e-06
0.0029714679
2.1380631e-06
0.0029694711
1.996811e-06
0.0029676061
1.8649544e-06
0.0029658642
1.7418589e-06
0.0029642372
1.6269399e-06
0.0029627176
1.5196523e-06
0.0029612982
1.4194675e-06
0.0029599723
1.3259072e-06
0.0029587338
1.238512e-06
0.002957577
1.1568621e-06
0.0029564964
1.0805849e-06
0.002955487
1.0093247e-06
0.0029545442
9.4276778e-07
0.0029536635
8.8063377e-07
0.0029528409
8.2261789e-07
0.0029520724
7.6846649e-07
0.0029513546
7.1789755e-07
0.002950684
6.7064907e-07
0.0029500575
6.2648533e-07
0.0029494724
5.8519206e-07
0.0029489258
5.4658019e-07
0.0029484152
5.1051229e-07
0.0029479383
4.768135e-07
0.0029474929
4.4539873e-07
0.0029470768
4.1607735e-07
0.002946688
3.8875215e-07
0.0029463249
3.6320913e-07
0.0029459856
3.3935615e-07
0.0029456687
3.1698395e-07
0.0029453726
2.9608193e-07
0.0029450962
2.7642301e-07
0.0029448379
2.5821331e-07
0.0029445967
2.4105853e-07
0.0029443712
2.2532735e-07
0.0029441609
2.1041202e-07
0.0029439642
1.9684736e-07
0.0029437803
1.8377511e-07
0.0029436083
1.7211473e-07
0.002943448
1.6037757e-07
0.0029432978
1.5018771e-07
0.0029431574
1.4029471e-07
0.0029430254
1.3210872e-07
0.0029429003
1.2511232e-07
0.0029427808
1.1941447e-07
1.2577264e-07
0.010339525
0.00035427931
0.010570754
0.00079057333
0.010606301
0.00091894817
0.010547572
0.00090167133
0.010422317
0.0008426262
0.010244356
0.00075768557
0.010039421
0.00065662743
0.0098287427
0.00055365586
0.009625135
0.00045977083
0.0094353013
0.00037975353
0.0092624277
0.00031409258
0.0091075333
0.00026140425
0.008970154
0.00021969948
0.0088489024
0.00018689785
0.0087419716
0.00016105801
0.0086474927
0.00014051893
0.008563694
0.00012399295
0.0084890108
0.00011047599
0.0084221097
9.9219866e-05
0.0083618776
8.9681405e-05
0.0083073955
8.1470669e-05
0.0082579079
7.4307847e-05
0.0082127929
6.7990494e-05
0.0081715354
6.2369982e-05
0.008133705
5.7335005e-05
0.0080989388
5.2800172e-05
0.0080669273
4.8698254e-05
0.0080374037
4.4974948e-05
0.0080101362
4.1585385e-05
0.0079849214
3.8491846e-05
0.0079615798
3.5662155e-05
0.0079399519
3.3068613e-05
0.0079198952
3.0687172e-05
0.0079012817
2.8496847e-05
0.0078839962
2.6479237e-05
0.0078679346
2.4618136e-05
0.0078530023
2.2899236e-05
0.0078391133
2.130984e-05
0.0078261894
1.9838659e-05
0.0078141589
1.8475613e-05
0.0078029563
1.7211669e-05
0.0077925214
1.603873e-05
0.007782799
1.4949484e-05
0.0077737382
1.3937342e-05
0.0077652921
1.2996324e-05
0.0077574175
1.2121003e-05
0.0077500744
1.1306451e-05
0.0077432258
1.0548146e-05
0.0077368375
9.8419702e-06
0.0077308778
9.184134e-06
0.0077253173
8.5711464e-06
0.0077201287
7.9998157e-06
0.0077152866
7.4671686e-06
0.0077107675
6.9704867e-06
0.0077065496
6.5072512e-06
0.0077026125
6.0751352e-06
0.0076989373
5.6720139e-06
0.0076955064
5.295896e-06
0.0076923033
4.9449555e-06
0.0076893128
4.6174692e-06
0.0076865206
4.3118334e-06
0.0076839135
4.0265675e-06
0.0076814792
3.7602633e-06
0.007679206
3.5116424e-06
0.0076770834
3.2795038e-06
0.0076751012
3.0627426e-06
0.0076732501
2.8603539e-06
0.0076715215
2.6713913e-06
0.0076699072
2.4949736e-06
0.0076683995
2.3302863e-06
0.0076669915
2.1765242e-06
0.0076656765
2.0329393e-06
0.0076644483
1.8988371e-06
0.0076633012
1.7735431e-06
0.0076622299
1.6564943e-06
0.0076612293
1.5471323e-06
0.0076602948
1.4450073e-06
0.007659422
1.3496373e-06
0.0076586067
1.2606472e-06
0.0076578453
1.1775478e-06
0.0076571341
1.1000364e-06
0.0076564698
1.0275317e-06
0.0076558492
9.5989637e-07
0.0076552697
8.9649783e-07
0.0076547283
8.3743569e-07
0.0076542228
7.8189317e-07
0.0076537505
7.3046555e-07
0.0076533094
6.8214568e-07
0.0076528972
6.3761152e-07
0.0076525127
5.9496587e-07
0.0076521528
5.5670464e-07
0.0076518171
5.1953726e-07
0.0076515027
4.8640385e-07
0.0076512105
4.524445e-07
0.0076509355
4.2510097e-07
0.0076506807
3.9526907e-07
0.0076504386
3.7433161e-07
0.0076502165
3.4709408e-07
0.0076499999
3.3607267e-07
3.1077567e-07
0.010188704
0.00016557515
0.010530487
0.00044879097
0.010851453
0.00059798174
0.011124174
0.00062895021
0.011350581
0.00061621883
0.011524486
0.00058378053
0.01164633
0.00053478419
0.011724155
0.00047583049
0.011767999
0.00041592665
0.011786639
0.00036111399
0.011787114
0.0003136171
0.011775058
0.00027346024
0.011754861
0.00023989717
0.011729768
0.00021199029
0.011702054
0.00018877259
0.011673239
0.00016933387
0.011644339
0.00015289295
0.011616003
0.00013881182
0.011588629
0.00012659378
0.011562446
0.00011586444
0.011537572
0.00010634493
0.011514052
9.7826991e-05
0.01149189
9.0153352e-05
0.011471056
8.3203355e-05
0.011451509
7.6882602e-05
0.011433193
7.1115551e-05
0.011416051
6.5840285e-05
0.011400021
6.1004898e-05
0.011385042
5.6565062e-05
0.011371051
5.248233e-05
0.01135799
4.8723025e-05
0.011345801
4.5257387e-05
0.01133443
4.2058993e-05
0.011323822
3.9104268e-05
0.011313929
3.6372112e-05
0.011304704
3.3843593e-05
0.011296101
3.1501677e-05
0.01128808
2.9331004e-05
0.011280601
2.7317692e-05
0.011273628
2.5449174e-05
0.011267125
2.3714053e-05
0.011261062
2.2101959e-05
0.011255408
2.0603465e-05
0.011250135
1.9209956e-05
0.011245218
1.7913572e-05
0.011240632
1.6707116e-05
0.011236354
1.5583982e-05
0.011232365
1.4538115e-05
0.011228643
1.3563932e-05
0.01122517
1.26563e-05
0.011221931
1.181049e-05
0.011218909
1.1022113e-05
0.011216089
1.0287141e-05
0.011213457
9.6018279e-06
0.011211002
8.9627201e-06
0.01120871
8.366631e-06
0.011206572
7.8105975e-06
0.011204576
7.2918843e-06
0.011202713
6.807925e-06
0.011200974
6.3563503e-06
0.011199351
5.9349594e-06
0.011197836
5.5416782e-06
0.011196421
5.1746153e-06
0.011195101
4.8319809e-06
0.011193868
4.5121408e-06
0.011192718
4.2135644e-06
0.011191643
3.9348339e-06
0.01119064
3.6746294e-06
0.011189703
3.4317215e-06
0.011188829
3.2049295e-06
0.011188012
2.9931959e-06
0.011187249
2.7954691e-06
0.011186537
2.6108255e-06
0.011185873
2.4383729e-06
0.011185252
2.2773335e-06
0.011184672
2.1269217e-06
0.01118413
1.9865093e-06
0.011183625
1.8553665e-06
0.011183152
1.7329904e-06
0.011182711
1.6186418e-06
0.011182299
1.5119418e-06
0.011181915
1.4121236e-06
0.011181556
1.3190616e-06
0.01118122
1.231839e-06
0.011180907
1.1506907e-06
0.011180614
1.074511e-06
0.011180341
1.0040981e-06
0.011180086
9.3726779e-07
0.011179847
8.7620061e-07
0.011179625
8.1775434e-07
0.011179416
7.6531421e-07
0.011179222
7.1275098e-07
0.01117904
6.6812186e-07
0.011178872
6.2103109e-07
0.011178712
5.8527679e-07
0.011178566
5.4113285e-07
0.011178425
5.1519538e-07
0.0111783
4.722485e-07
0.011178177
4.5903036e-07
4.1608648e-07
0.010097182
6.8393549e-05
0.010346961
0.0001990111
0.010662469
0.00028247385
0.010982753
0.00030866646
0.011290229
0.00030874339
0.011575251
0.00029875786
0.011829022
0.00028101344
0.012047865
0.00025698754
0.012233272
0.00023051981
0.01238924
0.00020514589
0.012520295
0.00018256234
0.012630755
0.00016299955
0.012724428
0.00014622488
0.012804515
0.0001319031
0.012873613
0.00011967425
0.012933772
0.0001091746
0.012986596
0.00010006906
0.013033332
9.2076356e-05
0.01307495
8.4975241e-05
0.013112216
7.8598602e-05
0.013145739
7.2822292e-05
0.013176012
6.7553927e-05
0.013203441
6.2723911e-05
0.013228366
5.8278883e-05
0.013251071
5.4176978e-05
0.013271802
5.0384423e-05
0.01329077
4.6873154e-05
0.013308155
4.3619168e-05
0.013324119
4.0601448e-05
0.0133388
3.7801271e-05
0.013352321
3.5201747e-05
0.013364791
3.278753e-05
0.013376306
3.0544593e-05
0.01338695
2.8460087e-05
0.0133968
2.6522215e-05
0.013405923
2.4720125e-05
0.013414381
2.3043829e-05
0.013422228
2.1484127e-05
0.013429513
2.0032545e-05
0.013436281
1.868126e-05
0.013442572
1.7423056e-05
0.013448423
1.6251278e-05
0.013453866
1.5159765e-05
0.013458933
1.4142836e-05
0.013463652
1.3195228e-05
0.013468047
1.2312077e-05
0.013472142
1.1488876e-05
0.013475959
1.0721444e-05
0.013479517
1.0005914e-05
0.013482834
9.3386909e-06
0.013485928
8.7164389e-06
0.013488814
8.1360728e-06
0.013491507
7.5947055e-06
0.013494019
7.0896744e-06
0.013496363
6.6185046e-06
0.013498551
6.1788955e-06
0.013500593
5.7687038e-06
0.013502499
5.3859275e-06
0.013504278
5.0287146e-06
0.013505939
4.6953344e-06
0.01350749
4.3841686e-06
0.013508938
4.0937309e-06
0.01351029
3.8226158e-06
0.013511552
3.5695345e-06
0.013512731
3.3332782e-06
0.013513832
3.1127261e-06
0.01351486
2.9068353e-06
0.01351582
2.7146166e-06
0.013516716
2.5351567e-06
0.013517554
2.3675973e-06
0.013518336
2.211126e-06
0.013519066
2.065008e-06
0.013519748
1.9285655e-06
0.013520386
1.8011423e-06
0.013520981
1.682183e-06
0.013521537
1.5710861e-06
0.013522056
1.4673839e-06
0.013522541
1.3705193e-06
0.013522994
1.2801072e-06
0.013523417
1.1955914e-06
0.013523812
1.1167371e-06
0.013524181
1.0429451e-06
0.013524526
9.7417963e-07
0.013524848
9.097075e-07
0.013525149
8.4991813e-07
0.01352543
7.9366649e-07
0.013525692
7.4159239e-07
0.013525937
6.9214649e-07
0.013526166
6.4742104e-07
0.013526381
6.040081e-07
0.01352658
5.6505468e-07
0.013526766
5.257688e-07
0.013526941
4.9380525e-07
0.013527104
4.5850792e-07
0.013527257
4.3254728e-07
0.013527398
3.9881962e-07
0.013527533
3.8083541e-07
0.013527659
3.4710226e-07
0.013527779
3.3800061e-07
3.0564192e-07
0.010068394
-5.0912992e-12
0.010267405
-1.3183235e-11
0.010549879
-1.4273052e-11
0.010858545
-1.2278834e-11
0.011167288
-9.5959804e-12
0.011466046
-9.5951199e-12
0.01174706
-1.047448e-11
0.012004047
-1.2050229e-11
0.012234567
-1.3466749e-11
0.012439713
-1.5008764e-11
0.012622275
-1.5372433e-11
0.012785275
-1.4588094e-11
0.0129315
-1.4086298e-11
0.013063403
-1.2701737e-11
0.013183077
-1.0421574e-11
0.013292252
-8.7616325e-12
0.013392321
-8.9335962e-12
0.013484397
-1.0539891e-11
0.013569373
-1.0258267e-11
0.013647971
-8.7647119e-12
0.013720793
-8.9813878e-12
0.013788347
-1.1823011e-11
0.013851071
-1.2866463e-11
0.01390935
-1.2580233e-11
0.013963527
-1.0406688e-11
0.014013912
-8.1740114e-12
0.014060785
-9.099848e-12
0.014104404
-1.0857472e-11
0.014145005
-1.0234768e-11
0.014182807
-9.0296948e-12
0.014218008
-5.791192e-12
0.014250796
-3.2828526e-12
0.014281341
-3.0188301e-12
0.014309801
-6.326874e-12
0.014336323
-1.0984196e-11
0.014361043
-1.4136145e-11
0.014384087
-1.4331093e-11
0.014405571
-1.282594e-11
0.014425604
-9.5668802e-12
0.014444285
-4.9186031e-12
0.014461708
-1.4628259e-12
0.014477959
-4.8823279e-13
0.014493119
-5.9310379e-13
0.014507262
-2.3834735e-12
0.014520457
-3.9260115e-12
0.014532769
-3.435874e-12
0.014544258
-1.7643062e-12
0.014554979
1.6406363e-12
0.014564985
7.8397247e-12
0.014574324
1.4689833e-11
0.01458304
1.7609192e-11
0.014591177
1.279563e-11
0.014598771
6.1284598e-12
0.014605861
-2.5508708e-12
0.014612479
-1.1739077e-11
0.014618658
-1.1728519e-11
0.014624427
-3.0529837e-12
0.014629813
8.0586962e-12
0.014634842
2.0875833e-11
0.014639537
2.7231248e-11
0.014643921
2.4677128e-11
0.014648015
1.4025632e-11
0.014651837
2.5049084e-12
0.014655407
-1.2334061e-11
0.01465874
-2.2586321e-11
0.014661853
-2.1434068e-11
0.01466476
-1.0712e-11
0.014667474
9.5383998e-12
0.01467001
3.2262792e-11
0.014672377
4.2137545e-11
0.014674588
3.9540446e-11
0.014676653
1.9442887e-11
0.014678582
-4.0103763e-12
0.014680383
-2.9155491e-11
0.014682065
-4.4122619e-11
0.014683636
-3.4415912e-11
0.014685103
-9.9671854e-12
0.014686474
2.5145518e-11
0.014687755
5.1220913e-11
0.01468895
4.7660481e-11
0.014690066
3.0375776e-11
0.01469111
9.8412602e-12
0.014692084
-3.5960763e-11
0.014692993
-6.2094576e-11
0.014693843
-2.9064531e-11
0.014694638
-1.7131096e-12
0.014695379
6.048626e-14
0.01469607
3.351249e-11
0.014696718
1.315365e-10
0.014697323
7.9019888e-11
0.014697887
-7.8307965e-11
0.014698412
-1.1902042e-10
0.014698906
-6.0874323e-11
0.014699367
6.1421796e-11
0.014699798
6.7765577e-11
0.014700196
3.1038951e-11
0.014700577
9.4645197e-12
0.014700925
-7.0155128e-11
0.014701263
-9.9738611e-11
-6.5304954e-11
0.010068394
-6.8393558e-05
0.010267405
-0.00019901113
0.010549879
-0.00028247388
0.010858545
-0.00030866649
0.011167288
-0.00030874342
0.011466046
-0.00029875789
0.01174706
-0.00028101346
0.012004047
-0.00025698756
0.012234567
-0.00023051983
0.012439713
-0.00020514591
0.012622275
-0.00018256236
0.012785275
-0.00016299958
0.0129315
-0.00014622492
0.013063403
-0.00013190313
0.013183077
-0.00011967427
0.013292252
-0.00010917462
0.013392321
-0.00010006908
0.013484397
-9.2076369e-05
0.013569373
-8.4975256e-05
0.013647971
-7.8598617e-05
0.013720793
-7.2822308e-05
0.013788347
-6.7553944e-05
0.013851071
-6.2723933e-05
0.01390935
-5.8278906e-05
0.013963527
-5.4176995e-05
0.014013912
-5.038444e-05
0.014060785
-4.6873172e-05
0.014104404
-4.3619187e-05
0.014145005
-4.0601466e-05
0.014182807
-3.7801284e-05
0.014218008
-3.5201758e-05
0.014250796
-3.2787536e-05
0.014281341
-3.0544599e-05
0.014309801
-2.8460101e-05
0.014336323
-2.6522234e-05
0.014361043
-2.4720147e-05
0.014384087
-2.3043854e-05
0.014405571
-2.1484153e-05
0.014425604
-2.0032562e-05
0.014444285
-1.8681267e-05
0.014461708
-1.742306e-05
0.014477959
-1.6251275e-05
0.014493119
-1.5159762e-05
0.014507262
-1.4142835e-05
0.014520457
-1.3195233e-05
0.014532769
-1.2312084e-05
0.014544258
-1.148888e-05
0.014554979
-1.0721442e-05
0.014564985
-1.0005899e-05
0.014574324
-9.3386675e-06
0.01458304
-8.7164184e-06
0.014591177
-8.1360516e-06
0.014598771
-7.5946948e-06
0.014605861
-7.0896771e-06
0.014612479
-6.6185148e-06
0.014618658
-6.1789031e-06
0.014624427
-5.7687002e-06
0.014629813
-5.3859168e-06
0.014634842
-5.0286913e-06
0.014639537
-4.6952952e-06
0.014643921
-4.384135e-06
0.014648015
-4.0937069e-06
0.014651837
-3.8226116e-06
0.014655407
-3.5695477e-06
0.01465874
-3.3333105e-06
0.014661853
-3.1127616e-06
0.01466476
-2.9068491e-06
0.014667475
-2.7146026e-06
0.01467001
-2.5351166e-06
0.014672377
-2.3675327e-06
0.014674588
-2.2110783e-06
0.014676653
-2.0649833e-06
0.014678582
-1.9285742e-06
0.014680383
-1.8011847e-06
0.014682065
-1.6822311e-06
0.014683636
-1.5711228e-06
0.014685103
-1.4673886e-06
0.014686474
-1.3704876e-06
0.014687755
-1.2800605e-06
0.01468895
-1.1955408e-06
0.014690066
-1.1166998e-06
0.01469111
-1.0429432e-06
0.014692084
-9.7421587e-07
0.014692993
-9.0977418e-07
0.014693843
-8.4995474e-07
0.014694638
-7.9366197e-07
0.014695379
-7.4160077e-07
0.01469607
-6.9212921e-07
0.014696718
-6.4726583e-07
0.014697323
-6.0380558e-07
0.014697888
-5.6526051e-07
0.014698412
-5.2610568e-07
0.014698906
-4.9355581e-07
0.014699366
-4.581711e-07
0.014699798
-4.328038e-07
0.014700196
-3.9914207e-07
0.014700577
-3.8078394e-07
0.014700925
-3.4701083e-07
0.014701263
-3.3805063e-07
-3.0571435e-07
0.010097182
-0.00016557515
0.010346961
-0.000448791
0.010662469
-0.00059798177
0.010982753
-0.00062895025
0.011290229
-0.00061621886
0.011575251
-0.00058378055
0.011829022
-0.0005347842
0.012047865
-0.0004758305
0.012233272
-0.00041592666
0.01238924
-0.000361114
0.012520295
-0.00031361712
0.012630755
-0.00027346026
0.012724428
-0.00023989719
0.012804515
-0.00021199032
0.012873613
-0.00018877261
0.012933772
-0.00016933388
0.012986596
-0.00015289296
0.013033332
-0.00013881183
0.01307495
-0.00012659379
0.013112216
-0.00011586445
0.013145739
-0.00010634494
0.013176012
-9.7827005e-05
0.013203441
-9.0153368e-05
0.013228366
-8.3203371e-05
0.013251071
-7.6882619e-05
0.013271802
-7.1115567e-05
0.01329077
-6.5840298e-05
0.013308155
-6.1004912e-05
0.013324119
-5.6565072e-05
0.0133388
-5.248234e-05
0.013352321
-4.8723027e-05
0.013364791
-4.525739e-05
0.013376305
-4.2058998e-05
0.01338695
-3.9104277e-05
0.0133968
-3.6372129e-05
0.013405923
-3.3843617e-05
0.013414381
-3.1501702e-05
0.013422228
-2.9331023e-05
0.013429513
-2.7317703e-05
0.013436281
-2.5449177e-05
0.013442572
-2.3714044e-05
0.013448422
-2.2101949e-05
0.013453866
-2.0603456e-05
0.013458933
-1.9209953e-05
0.013463652
-1.7913575e-05
0.013468047
-1.6707121e-05
0.013472142
-1.5583989e-05
0.013475958
-1.4538114e-05
0.013479517
-1.3563928e-05
0.013482834
-1.2656294e-05
0.013485928
-1.1810473e-05
0.013488814
-1.1022097e-05
0.013491507
-1.0287124e-05
0.013494019
-9.6018163e-06
0.013496363
-8.9627189e-06
0.013498551
-8.3666383e-06
0.013500593
-7.8106138e-06
0.013502499
-7.2918886e-06
0.013504278
-6.8079191e-06
0.013505939
-6.3563369e-06
0.01350749
-5.9349299e-06
0.013508938
-5.5416513e-06
0.01351029
-5.1745959e-06
0.013511552
-4.8319825e-06
0.013512731
-4.5121536e-06
0.013513832
-4.2135832e-06
0.01351486
-3.9348552e-06
0.01351582
-3.6746369e-06
0.013516716
-3.4317103e-06
0.013517554
-3.204915e-06
0.013518336
-2.9931632e-06
0.013519066
-2.7954399e-06
0.013519748
-2.6108106e-06
0.013520386
-2.4383734e-06
0.013520981
-2.2773513e-06
0.013521537
-2.1269565e-06
0.013522056
-1.9865476e-06
0.013522541
-1.8553897e-06
0.013522994
-1.7329845e-06
0.013523417
-1.6186092e-06
0.013523812
-1.511892e-06
0.013524181
-1.412079e-06
0.013524526
-1.3190478e-06
0.013524848
-1.2318536e-06
0.013525149
-1.1507686e-06
0.01352543
-1.0745701e-06
0.013525692
-1.0040601e-06
0.013525937
-9.3724117e-07
0.013526166
-8.7629589e-07
0.01352638
-8.1777944e-07
0.01352658
-7.6502766e-07
0.013526766
-7.1250882e-07
0.013526941
-6.6834278e-07
0.013527105
-6.2135138e-07
0.013527257
-5.8528618e-07
0.013527398
-5.4103408e-07
0.013527533
-5.151498e-07
0.013527659
-4.7222724e-07
0.013527779
-4.5901935e-07
-4.1607009e-07
0.010188704
-0.00035427932
0.010530487
-0.00079057335
0.010851453
-0.0009189482
0.011124174
-0.00090167137
0.011350581
-0.00084262623
0.011524486
-0.00075768559
0.01164633
-0.00065662744
0.011724155
-0.00055365586
0.011767999
-0.00045977083
0.011786639
-0.00037975354
0.011787114
-0.00031409259
0.011775058
-0.00026140427
0.011754861
-0.00021969949
0.011729768
-0.00018689787
0.011702054
-0.00016105802
0.011673239
-0.00014051894
0.011644339
-0.00012399295
0.011616003
-0.00011047599
0.011588629
-9.9219868e-05
0.011562446
-8.9681405e-05
0.011537572
-8.1470672e-05
0.011514052
-7.4307852e-05
0.011491889
-6.7990501e-05
0.011471056
-6.2369993e-05
0.011451509
-5.7335016e-05
0.011433193
-5.2800186e-05
0.011416051
-4.8698267e-05
0.011400021
-4.4974955e-05
0.011385041
-4.1585392e-05
0.011371051
-3.8491848e-05
0.01135799
-3.5662157e-05
0.011345801
-3.3068612e-05
0.01133443
-3.0687173e-05
0.011323822
-2.8496852e-05
0.011313929
-2.6479245e-05
0.011304704
-2.4618151e-05
0.011296101
-2.2899252e-05
0.01128808
-2.1309855e-05
0.011280601
-1.9838667e-05
0.011273628
-1.8475611e-05
0.011267125
-1.7211663e-05
0.011261062
-1.6038715e-05
0.011255408
-1.4949471e-05
0.011250135
-1.3937332e-05
0.011245218
-1.299632e-05
0.011240632
-1.2121009e-05
0.011236354
-1.1306457e-05
0.011232364
-1.0548156e-05
0.011228643
-9.8419778e-06
0.01122517
-9.1841357e-06
0.011221931
-8.571146e-06
0.011218909
-7.9998017e-06
0.011216089
-7.4671497e-06
0.011213457
-6.9704643e-06
0.011211002
-6.5072337e-06
0.01120871
-6.0751372e-06
0.011206572
-5.6720281e-06
0.011204576
-5.2959219e-06
0.011202713
-4.9449765e-06
0.011200974
-4.6174783e-06
0.011199351
-4.3118298e-06
0.011197836
-4.026542e-06
0.011196421
-3.7602332e-06
0.011195101
-3.5116131e-06
0.011193868
-3.2794866e-06
0.011192718
-3.0627462e-06
0.011191643
-2.8603749e-06
0.01119064
-2.6714244e-06
0.011189703
-2.4950132e-06
0.011188829
-2.3303062e-06
0.011188012
-2.1765234e-06
0.011187249
-2.0329102e-06
0.011186537
-1.8987887e-06
0.011185873
-1.7734983e-06
0.011185252
-1.6564717e-06
0.011184672
-1.5471443e-06
0.01118413
-1.4450601e-06
0.011183625
-1.3497068e-06
0.011183152
-1.2607102e-06
0.011182711
-1.1775661e-06
0.0111823
-1.1000016e-06
0.011181915
-1.0274649e-06
0.011181556
-9.5981173e-07
0.01118122
-8.9644325e-07
0.011180907
-8.3743741e-07
0.011180614
-7.8196446e-07
0.011180341
-7.3056148e-07
0.011180086
-6.8219675e-07
0.011179847
-6.376666e-07
0.011179624
-5.9502827e-07
0.011179416
-5.5653833e-07
0.011179223
-5.1915923e-07
0.01117904
-4.8630078e-07
0.011178872
-4.5280592e-07
0.011178712
-4.25424e-07
0.011178566
-3.9517557e-07
0.011178425
-3.7415022e-07
0.0111783
-3.4705598e-07
0.011178177
-3.3599244e-07
-3.106971e-07
0.010339525
-0.00069380425
0.010570754
-0.0010218027
0.010606301
-0.00095449448
0.010547572
-0.00084294333
0.010422317
-0.0007173708
0.010244356
-0.00057972444
0.010039421
-0.00045169205
0.0098287427
-0.00034297801
0.009625135
-0.00025616318
0.0094353013
-0.00018991983
0.0092624277
-0.00014121897
0.0091075332
-0.0001065098
0.008970154
-8.2320226e-05
0.0088489023
-6.5646249e-05
0.0087419716
-5.4127255e-05
0.0086474927
-4.6040044e-05
0.008563694
-4.0194286e-05
0.0084890108
-3.5792751e-05
0.0084221096
-3.2318757e-05
0.0083618775
-2.9449283e-05
0.0083073954
-2.698858e-05
0.0082579079
-2.4820304e-05
0.0082127929
-2.2875483e-05
0.0081715353
-2.1112419e-05
0.0081337049
-1.9504656e-05
0.0080989388
-1.8034017e-05
0.0080669272
-1.6686727e-05
0.0080374036
-1.5451365e-05
0.0080101361
-1.4317864e-05
0.0079849213
-1.3277073e-05
0.0079615798
-1.2320592e-05
0.0079399519
-1.144072e-05
0.0079198951
-1.0630434e-05
0.0079012816
-9.8833646e-06
0.0078839962
-9.1937721e-06
0.0078679345
-8.5564989e-06
0.0078530022
-7.9669234e-06
0.0078391132
-7.4209089e-06
0.0078261893
-6.914751e-06
0.0078141588
-6.4451269e-06
0.0078029562
-6.0090515e-06
0.0077925214
-5.6038382e-06
0.0077827989
-5.2270616e-06
0.0077737381
-4.8765272e-06
0.0077652921
-4.5502442e-06
0.0077574175
-4.2464016e-06
0.0077500744
-3.9633476e-06
0.0077432258
-3.6995733e-06
0.0077368375
-3.4536946e-06
0.0077308778
-3.2244364e-06
0.0077253173
-3.0106229e-06
0.0077201286
-2.8111701e-06
0.0077152866
-2.6250764e-06
0.0077107675
-2.4514165e-06
0.0077065496
-2.2893371e-06
0.0077026125
-2.1380503e-06
0.0076989373
-1.9968243e-06
0.0076955064
-1.864981e-06
0.0076923033
-1.7418923e-06
0.0076893128
-1.6269698e-06
0.0076865206
-1.5196626e-06
0.0076839135
-1.4194571e-06
0.0076814792
-1.325875e-06
0.007679206
-1.238469e-06
0.0076770834
-1.1568262e-06
0.0076751012
-1.0805667e-06
0.0076732502
-1.0093383e-06
0.0076715216
-9.428132e-07
0.0076699072
-8.8068772e-07
0.0076683996
-8.2266998e-07
0.0076669915
-7.6848733e-07
0.0076656765
-7.1787645e-07
0.0076644483
-6.7059708e-07
0.0076633012
-6.2641705e-07
0.0076622299
-5.8513945e-07
0.0076612294
-5.4656848e-07
0.0076602949
-5.1054621e-07
0.007659422
-4.7689421e-07
0.0076586068
-4.4548564e-07
0.0076578453
-4.1613735e-07
0.0076571341
-3.8875569e-07
0.0076564698
-3.6314894e-07
0.0076558492
-3.3926452e-07
0.0076552697
-3.1687994e-07
0.0076547283
-2.9604352e-07
0.0076542229
-2.7645965e-07
0.0076537506
-2.5827228e-07
0.0076533094
-2.4117147e-07
0.0076528971
-2.2548422e-07
0.0076525126
-2.1041892e-07
0.0076521529
-1.9666779e-07
0.0076518172
-1.8360999e-07
0.0076515028
-1.7205835e-07
0.0076512105
-1.604074e-07
0.0076509355
-1.5028678e-07
0.0076506807
-1.4040287e-07
0.0076504386
-1.3208758e-07
0.0076502165
-1.2500243e-07
0.0076499999
-1.1933674e-07
-1.2571576e-07
0.0093061957
0.0082843931
0.0073298986
0.0064869553
0.0057695845
0.00518986
0.004738168
0.00439519
0.0041390268
0.003949107
0.003807888
0.0037013782
0.003619058
0.0035534117
0.0034992845
0.0034532444
0.0034130501
0.0033772574
0.0033449386
0.0033154893
0.0032885008
0.0032636805
0.003240805
0.0032196926
0.0032001879
0.0031821539
0.0031654672
0.0031500158
0.0031356979
0.0031224208
0.0031101003
0.0030986595
0.0030880291
0.0030781458
0.003068952
0.0030603955
0.0030524286
0.0030450076
0.0030380929
0.0030316478
0.0030256387
0.0030200349
0.0030148078
0.0030099313
0.0030053811
0.0030011347
0.0029971713
0.0029934717
0.002990018
0.0029867936
0.0029837829
0.0029809718
0.0029783467
0.0029758953
0.002973606
0.002971468
0.0029694711
0.0029676061
0.0029658642
0.0029642372
0.0029627175
0.0029612981
0.0029599722
0.0029587338
0.002957577
0.0029564965
0.0029554871
0.0029545443
0.0029536635
0.0029528408
0.0029520723
0.0029513545
0.0029506839
0.0029500575
0.0029494724
0.0029489259
0.0029484153
0.0029479384
0.0029474928
0.0029470767
0.0029466879
0.0029463248
0.0029459856
0.0029456687
0.0029453727
0.0029450963
0.002944838
0.0029445965
0.0029443711
0.002944161
0.0029439642
0.0029437802
0.0029436083
0.0029434482
0.002943298
0.0029431574
0.0029430253
0.0029429003
0.0029427809
)
;

boundaryField
{
    top
    {
        type            calculated;
        value           uniform 0;
    }
    inlet
    {
        type            calculated;
        value           nonuniform List<scalar> 10(-0.01 -0.01 -0.01 -0.01 -0.01 -0.01 -0.01 -0.01 -0.01 -0.01);
    }
    outlet
    {
        type            calculated;
        value           nonuniform List<scalar> 10(0.002942655 0.0076498148 0.011178072 0.01352789 0.014701569 0.014701568 0.01352789 0.011178072 0.0076498149 0.0029426552);
    }
    bottom
    {
        type            calculated;
        value           uniform 0;
    }
    back
    {
        type            empty;
        value           nonuniform 0();
    }
    front
    {
        type            empty;
        value           nonuniform 0();
    }
}


// ************************************************************************* //
