/*--------------------------------*- C++ -*----------------------------------*\
| =========                 |                                                 |
| \\      /  F ield         | OpenFOAM: The Open Source CFD Toolbox           |
|  \\    /   O peration     | Version:  v1812                                 |
|   \\  /    A nd           | Web:      www.OpenFOAM.com                      |
|    \\/     M anipulation  |                                                 |
\*---------------------------------------------------------------------------*/
FoamFile
{
    version     2.0;
    format      ascii;
    class       surfaceScalarField;
    location    "0.6";
    object      phi;
}
// * * * * * * * * * * * * * * * * * * * * * * * * * * * * * * * * * * * * * //

dimensions      [0 3 -1 0 0 0 0];
oriented        oriented;


internalField   nonuniform List<scalar> 
1890
(
0.0093019752
0.00069802412
0.0082960614
0.0010059136
0.0074145842
0.00088147747
0.0066828086
0.00073177612
0.0061109143
0.00057189457
0.0057279776
0.00038293675
0.0055100576
0.00021791979
0.0053984815
0.00011157591
0.0053450001
5.3481217e-05
0.0053221357
2.2864305e-05
0.0053147809
7.3548759e-06
0.0053139891
7.9182479e-07
0.0053156284
-1.6392963e-06
0.0053174862
-1.857781e-06
0.0053189723
-1.4860845e-06
0.0053200039
-1.0316814e-06
0.0053206633
-6.5943013e-07
0.0053210626
-3.9931365e-07
0.0053212952
-2.325774e-07
0.0053214266
-1.3138573e-07
0.005321499
-7.2398725e-08
0.0053215381
-3.9092784e-08
0.0053215588
-2.0718665e-08
0.0053215696
-1.0767963e-08
0.005321575
-5.4753994e-09
0.0053215777
-2.7048121e-09
0.005321579
-1.2825602e-09
0.0053215796
-5.6827648e-10
0.0053215798
-2.178474e-10
0.0053215798
-5.0489254e-11
0.0053215798
2.836532e-11
0.0053215797
6.3338873e-11
0.0053215797
7.7272965e-11
0.0053215796
8.1445287e-11
0.0053215795
8.152419e-11
0.0053215794
7.9004061e-11
0.0053215794
7.5684648e-11
0.0053215793
7.1270883e-11
0.0053215792
6.6505795e-11
0.0053215792
6.08687e-11
0.0053215791
5.5542847e-11
0.0053215791
4.9749018e-11
0.005321579
4.4356381e-11
0.005321579
3.8707419e-11
0.0053215789
3.3899731e-11
0.0053215789
2.9078778e-11
0.0053215789
2.5037366e-11
0.0053215789
2.094049e-11
0.0053215788
1.7817194e-11
0.0053215788
1.4726203e-11
0.0053215788
1.2438482e-11
0.0053215788
9.8913057e-12
0.0053215788
8.4603202e-12
0.0053215788
6.747335e-12
0.0053215788
5.8152278e-12
0.0053215788
4.3649639e-12
0.0053215788
3.8931344e-12
0.0053215788
3.051708e-12
0.0053215788
2.8852854e-12
0.0053215788
2.2241276e-12
0.0053215788
2.3203688e-12
0.0053215788
2.0715102e-12
0.0053215788
2.5523292e-12
0.0053215788
2.2106358e-12
0.0053215788
2.9607166e-12
0.0053215788
3.2047153e-12
0.0053215788
3.9859312e-12
0.0053215787
4.5828815e-12
0.0053215787
5.60558e-12
0.0053215787
6.4573941e-12
0.0053215787
7.3378142e-12
0.0053215787
7.6161838e-12
0.0053215787
8.1096833e-12
0.0053215787
7.3124402e-12
0.0053215787
6.2687027e-12
0.0053215787
3.0044444e-12
0.0053215787
2.4633652e-12
0.0053215787
-3.433637e-12
0.0053215787
9.7776332e-12
0.0053215787
-2.2848109e-11
0.0053215787
7.9737746e-11
0.0053215788
-1.7228521e-10
0.0053215783
5.4370036e-10
0.0053215794
-1.1924282e-09
0.0053215762
3.188259e-09
0.0053215834
-7.1650493e-09
0.005321567
1.6441945e-08
0.0053216024
-3.5334194e-08
0.0053215304
7.204876e-08
0.0053216673
-1.3692943e-07
0.0053214239
2.432982e-07
0.0053217968
-3.7294186e-07
0.0053212782
5.1854249e-07
0.0053217133
-4.3505771e-07
0.00532158
1.3350246e-07
0.0053205897
9.9031706e-07
0.0053231193
-2.529576e-06
0.0053209996
2.1195412e-06
0.0053255211
-4.5215735e-06
-7.3343035e-06
0.010346013
0.00035201041
0.010573856
0.00077807055
0.010600889
0.00085444442
0.010552248
0.00078041752
0.010463223
0.00066092074
0.010350307
0.00049585238
0.01024514
0.00032308624
0.01016721
0.00018950588
0.010116609
0.0001040817
0.010086178
5.3295564e-05
0.010069149
2.4383643e-05
0.010060618
9.3234221e-06
0.010056606
2.3726984e-06
0.010054935
-1.8674912e-07
0.010054473
-1.0239421e-06
0.01005445
-1.0093503e-06
0.010054572
-7.8096299e-07
0.010054709
-5.3653223e-07
0.010054821
-3.4399597e-07
0.010054899
-2.0974083e-07
0.01005495
-1.2347289e-07
0.010054982
-7.0765193e-08
0.010055001
-3.9625223e-08
0.010055011
-2.1723664e-08
0.010055018
-1.1664727e-08
0.010055021
-6.1190166e-09
0.010055023
-3.1132626e-09
0.010055024
-1.5140437e-09
0.010055024
-6.7727748e-10
0.010055025
-2.4608579e-10
0.010055025
-3.0761759e-11
0.010055025
8.0596685e-11
0.010055024
1.3074391e-10
0.010055024
1.5208929e-10
0.010055024
1.5902786e-10
0.010055024
1.5779477e-10
0.010055024
1.5256377e-10
0.010055024
1.4463439e-10
0.010055024
1.3554679e-10
0.010055024
1.2490756e-10
0.010055024
1.1410989e-10
0.010055024
1.0293315e-10
0.010055024
9.2237256e-11
0.010055024
8.1344474e-11
0.010055024
7.129392e-11
0.010055024
6.1845001e-11
0.010055024
5.3454119e-11
0.010055024
4.5461574e-11
0.010055024
3.8480406e-11
0.010055024
3.2456088e-11
0.010055024
2.7210864e-11
0.010055024
2.269919e-11
0.010055024
1.8424947e-11
0.010055024
1.5662727e-11
0.010055024
1.267135e-11
0.010055024
1.0765905e-11
0.010055024
8.4320628e-12
0.010055024
7.5143848e-12
0.010055024
6.3801797e-12
0.010055024
5.84751e-12
0.010055024
5.1624165e-12
0.010055024
5.3746102e-12
0.010055024
5.7200488e-12
0.010055024
6.1570363e-12
0.010055024
6.9806742e-12
0.010055024
8.1844102e-12
0.010055024
1.0079354e-11
0.010055024
1.1874785e-11
0.010055024
1.4250333e-11
0.010055023
1.6528065e-11
0.010055023
1.8984888e-11
0.010055023
2.0504718e-11
0.010055023
2.1796838e-11
0.010055023
2.1496428e-11
0.010055023
1.9588573e-11
0.010055023
1.4764846e-11
0.010055023
1.3075634e-11
0.010055023
3.3647161e-12
0.010055023
2.2000481e-11
0.010055023
-2.4682169e-11
0.010055023
1.2078959e-10
0.010055023
-2.16508e-10
0.010055023
7.3572118e-10
0.010055023
-1.4862047e-09
0.010055023
4.0105431e-09
0.010055024
-8.5326814e-09
0.010055021
1.9196629e-08
0.010055025
-3.9236475e-08
0.01005502
7.6896171e-08
0.010055021
-1.3774031e-07
0.010055036
2.2812023e-07
0.010054982
-3.1878832e-07
0.010055138
3.6230919e-07
0.010054938
-2.3502153e-07
0.010055432
-3.5967866e-07
0.010055565
8.5732816e-07
0.010055918
-2.8825867e-06
0.010057685
3.520797e-07
0.010056003
-2.8396235e-06
-6.6181786e-06
0.010190773
0.00016123701
0.010525646
0.00044319686
0.010817293
0.00056279763
0.011044754
0.00055295768
0.011214426
0.00049124916
0.011317738
0.00039254046
0.011363954
0.00027686954
0.011377278
0.00017618194
0.01137665
0.00010470908
0.011371232
5.8713412e-05
0.011365071
3.0544786e-05
0.011359985
1.4410063e-05
0.011356384
5.9738743e-06
0.011354196
2.0010165e-06
0.011352864
3.0748467e-07
0.011352132
-2.7641731e-07
0.011351757
-4.0598352e-07
0.011351572
-3.5187744e-07
0.011351485
-2.5738714e-07
0.011351447
-1.7163113e-07
0.011351432
-1.0813265e-07
0.011351427
-6.5456557e-08
0.011351425
-3.8348636e-08
0.011351425
-2.1883609e-08
0.011351426
-1.2186611e-08
0.011351426
-6.6147091e-09
0.011351427
-3.4753952e-09
0.011351427
-1.745843e-09
0.011351427
-8.0498471e-10
0.011351427
-3.0266087e-10
0.011351427
-4.0165995e-11
0.011351427
9.6076053e-11
0.011351427
1.6221875e-10
0.011351427
1.9148702e-10
0.011351427
2.0130387e-10
0.011351427
2.007491e-10
0.011351427
1.9428699e-10
0.011351427
1.8440214e-10
0.011351427
1.725468e-10
0.011351427
1.5969791e-10
0.011351427
1.4615176e-10
0.011351427
1.3246849e-10
0.011351427
1.1877291e-10
0.011351427
1.0561813e-10
0.011351427
9.3026381e-11
0.011351427
8.1244544e-11
0.011351427
7.0278534e-11
0.011351427
6.0351603e-11
0.011351427
5.150191e-11
0.011351427
4.3586994e-11
0.011351427
3.6967646e-11
0.011351427
3.048559e-11
0.011351427
2.6006169e-11
0.011351427
2.0865301e-11
0.011351427
1.8160656e-11
0.011351427
1.4228994e-11
0.011351427
1.255083e-11
0.011351427
1.0089137e-11
0.011351427
9.338395e-12
0.011351427
7.887607e-12
0.011351427
7.9656679e-12
0.011351427
7.4309455e-12
0.011351427
8.1924764e-12
0.011351427
8.8273389e-12
0.011351427
1.0228644e-11
0.011351427
1.213286e-11
0.011351427
1.4419409e-11
0.011351427
1.7598985e-11
0.011351427
2.0911357e-11
0.011351427
2.4551321e-11
0.011351427
2.7768451e-11
0.011351427
3.0879378e-11
0.011351427
3.2891455e-11
0.011351427
3.3571841e-11
0.011351427
3.1072735e-11
0.011351427
2.6302407e-11
0.011351427
2.3014659e-11
0.011351427
1.4548911e-11
0.011351427
2.7623364e-11
0.011351427
-5.9768734e-12
0.011351427
1.0331292e-10
0.011351426
-1.2587263e-10
0.011351427
5.4900769e-10
0.011351426
-9.2868407e-10
0.011351427
2.7200871e-09
0.011351424
-5.2801479e-09
0.011351431
1.1949028e-08
0.011351415
-2.2935714e-08
0.011351448
4.3668158e-08
0.011351384
-7.3494753e-08
0.0113515
1.1193148e-07
0.011351332
-1.5038379e-07
0.011351584
1.0986144e-07
0.011351449
-1.0003764e-07
0.011351504
-4.1411002e-07
0.0113521
2.6104019e-07
0.011350838
-1.620392e-06
0.011351742
-5.5172641e-07
0.01135064
-1.7380227e-06
-3.9088627e-06
0.010095403
6.5833089e-05
0.010342098
0.00019650187
0.010636853
0.00026804348
0.010914141
0.00027566942
0.011154211
0.00025117976
0.011339493
0.00020725889
0.011463573
0.00015278933
0.011537887
0.00010186787
0.011579357
6.323823e-05
0.011600965
3.7106226e-05
0.011611084
2.0425007e-05
0.011615093
1.0401558e-05
0.011616231
4.8355394e-06
0.011616236
1.9966238e-06
0.01161588
6.6321452e-07
0.011615502
1.018401e-07
0.011615192
-9.5792412e-08
0.011614978
-1.3834563e-07
0.01161484
-1.1911866e-07
0.011614755
-8.6718279e-08
0.011614705
-5.7868479e-08
0.011614676
-3.6533303e-08
0.01161466
-2.2107901e-08
0.011614651
-1.2937301e-08
0.011614646
-7.3405859e-09
0.011614643
-4.0379547e-09
0.011614642
-2.1283717e-09
0.011614641
-1.0463829e-09
0.011614641
-4.4407035e-10
0.011614641
-1.159356e-10
0.011614641
5.9631778e-11
0.01161464
1.5033585e-10
0.01161464
1.9387995e-10
0.01161464
2.1096136e-10
0.01161464
2.1385239e-10
0.01161464
2.0940497e-10
0.01161464
2.0052228e-10
0.01161464
1.8896356e-10
0.01161464
1.7573216e-10
0.01161464
1.6298606e-10
0.01161464
1.4907052e-10
0.01161464
1.354224e-10
0.01161464
1.2149747e-10
0.01161464
1.0891101e-10
0.01161464
9.6286074e-11
0.01161464
8.4634184e-11
0.01161464
7.3074122e-11
0.01161464
6.3847068e-11
0.01161464
5.4182832e-11
0.01161464
4.6637328e-11
0.01161464
3.9163083e-11
0.01161464
3.3186191e-11
0.01161464
2.7930859e-11
0.01161464
2.3250478e-11
0.01161464
1.931841e-11
0.01161464
1.602773e-11
0.01161464
1.3833512e-11
0.01161464
1.1458819e-11
0.01161464
9.9497726e-12
0.01161464
8.8811397e-12
0.01161464
9.0184865e-12
0.01161464
8.7954031e-12
0.01161464
8.9836481e-12
0.01161464
1.0616174e-11
0.01161464
1.1952115e-11
0.01161464
1.4279519e-11
0.01161464
1.6787388e-11
0.01161464
2.061293e-11
0.01161464
2.4901596e-11
0.01161464
2.8466587e-11
0.01161464
3.2913334e-11
0.01161464
3.6085663e-11
0.01161464
3.9644637e-11
0.01161464
3.9403564e-11
0.01161464
3.7059493e-11
0.01161464
3.2402215e-11
0.01161464
2.8184268e-11
0.01161464
2.1585728e-11
0.01161464
2.7260767e-11
0.01161464
1.1601382e-11
0.01161464
7.0054017e-11
0.01161464
-2.1223654e-11
0.01161464
3.0630067e-10
0.01161464
-3.0806791e-10
0.011614641
1.2954663e-09
0.011614638
-2.0636194e-09
0.011614645
5.0360403e-09
0.011614631
-8.9364567e-09
0.011614658
1.6805739e-08
0.011614611
-2.7048941e-08
0.011614687
3.6405238e-08
0.011614591
-5.5028449e-08
0.01161469
1.149699e-08
0.01161463
-4.0371869e-08
0.011614451
-2.3461291e-07
0.011614696
1.5984045e-08
0.011613748
-6.7286702e-07
0.011613687
-4.9086796e-07
0.011612821
-8.717132e-07
-1.675896e-06
0.010065833
-1.7251039e-10
0.010262334
8.7417727e-12
0.010530378
3.9057587e-10
0.010806047
4.8122104e-10
0.011057227
1.3478682e-10
0.011264487
-3.7759652e-10
0.011417276
-5.6519788e-10
0.011519145
-5.04328e-10
0.011582383
-3.9417711e-10
0.01161949
-4.148369e-10
0.011639915
-6.1585735e-10
0.011650318
-8.9601406e-10
0.011655155
-1.1103562e-09
0.011657153
-1.1467435e-09
0.011657817
-9.9252703e-10
0.011657919
-7.1253582e-10
0.011657824
-4.1116805e-10
0.011657686
-1.2132403e-10
0.011657567
7.7805098e-11
0.01165748
1.961953e-10
0.011657422
2.239987e-10
0.011657385
2.1872593e-10
0.011657363
1.9444892e-10
0.011657349
1.69801e-10
0.011657342
1.5770598e-10
0.011657338
1.6060045e-10
0.011657335
1.7272922e-10
0.011657334
1.9033835e-10
0.011657334
2.0436996e-10
0.011657333
2.1516276e-10
0.011657333
2.1923733e-10
0.011657333
2.1983601e-10
0.011657333
2.1401767e-10
0.011657333
2.0557273e-10
0.011657333
1.9419172e-10
0.011657333
1.8322395e-10
0.011657333
1.7064709e-10
0.011657333
1.5791926e-10
0.011657333
1.4569955e-10
0.011657333
1.3436346e-10
0.011657333
1.2298757e-10
0.011657333
1.1151738e-10
0.011657333
1.0055017e-10
0.011657333
9.0907448e-11
0.011657333
8.0887641e-11
0.011657333
7.1303066e-11
0.011657333
6.2245051e-11
0.011657333
5.4773852e-11
0.011657333
4.7144116e-11
0.011657333
4.0801036e-11
0.011657333
3.3951665e-11
0.011657333
2.9940609e-11
0.011657333
2.4802207e-11
0.011657333
2.1160154e-11
0.011657333
1.6858172e-11
0.011657333
1.5345626e-11
0.011657333
1.2478752e-11
0.011657333
1.0991756e-11
0.011657333
8.709319e-12
0.011657333
9.4180204e-12
0.011657333
8.1492431e-12
0.011657333
8.8636406e-12
0.011657333
8.7520661e-12
0.011657333
1.0931436e-11
0.011657333
1.2174523e-11
0.011657333
1.4551145e-11
0.011657333
1.6858246e-11
0.011657333
2.1590815e-11
0.011657333
2.4939577e-11
0.011657333
2.9458854e-11
0.011657333
3.2647426e-11
0.011657333
3.7656625e-11
0.011657333
3.9405684e-11
0.011657333
3.9767739e-11
0.011657333
3.6392223e-11
0.011657333
3.2914405e-11
0.011657333
2.7349299e-11
0.011657333
2.4282712e-11
0.011657333
2.0344227e-11
0.011657333
2.4781205e-11
0.011657333
3.4875327e-11
0.011657333
6.0288328e-11
0.011657334
1.0390165e-10
0.011657333
1.5848862e-10
0.011657334
2.0032076e-10
0.011657332
1.950003e-10
0.011657337
1.2279767e-10
0.011657328
9.2945304e-12
0.011657345
-7.4693568e-11
0.011657318
-8.4987103e-11
0.011657354
-2.5952065e-11
0.011657299
4.0967001e-11
0.01165731
5.7025444e-11
0.01165727
4.7796718e-11
0.011657036
3.2742797e-11
0.011657052
3.8361726e-11
0.011656379
8.9916319e-12
0.011655888
-3.4367298e-12
0.011655016
-1.083539e-10
-1.6596892e-10
0.010065833
-6.5833299e-05
0.010262334
-0.00019650176
0.010530378
-0.00026804284
0.010806048
-0.00027566879
0.011057228
-0.00025117987
0.011264488
-0.00020725974
0.011417277
-0.00015279027
0.011519145
-0.0001018685
0.011582383
-6.3238581e-05
0.011619489
-3.7106704e-05
0.011639915
-2.0426024e-05
0.011650317
-1.0403267e-05
0.011655154
-4.837753e-06
0.011657152
-1.9989455e-06
0.011657816
-6.652031e-07
0.011657919
-1.0322372e-07
0.011657823
9.5008815e-08
0.011657685
1.3817935e-07
0.011657566
1.1933185e-07
0.011657479
8.7171824e-08
0.011657421
5.8335718e-08
0.011657384
3.6969532e-08
0.011657362
2.2486776e-08
0.011657349
1.3243983e-08
0.011657341
7.6213125e-09
0.011657337
4.316701e-09
0.011657335
2.434228e-09
0.011657334
1.3858243e-09
0.011657333
8.1589773e-10
0.011657333
5.1002996e-10
0.011657333
3.4630956e-10
0.011657333
2.5648313e-10
0.011657333
2.0350901e-10
0.011657333
1.6929156e-10
0.011657333
1.4595712e-10
0.011657333
1.2779986e-10
0.011657333
1.1332632e-10
0.011657333
1.0030079e-10
0.011657333
9.0896308e-11
0.011657333
8.2121339e-11
0.011657333
7.5230404e-11
0.011657333
6.690438e-11
0.011657333
6.2552155e-11
0.011657333
5.5618202e-11
0.011657333
5.1660701e-11
0.011657333
4.4352557e-11
0.011657333
4.1254143e-11
0.011657333
3.5677117e-11
0.011657333
3.2446258e-11
0.011657333
2.637434e-11
0.011657333
2.4657826e-11
0.011657333
2.0261986e-11
0.011657333
1.840608e-11
0.011657333
1.4060136e-11
0.011657333
1.3317588e-11
0.011657333
1.0860502e-11
0.011657333
9.9941192e-12
0.011657333
7.5324322e-12
0.011657333
7.7926603e-12
0.011657333
6.93334e-12
0.011657333
7.3967136e-12
0.011657333
6.4499329e-12
0.011657333
8.6937934e-12
0.011657333
8.8807725e-12
0.011657333
1.1833895e-11
0.011657333
1.1956736e-11
0.011657333
1.6666539e-11
0.011657333
1.8685005e-11
0.011657333
2.3239155e-11
0.011657333
2.5400396e-11
0.011657333
2.9556232e-11
0.011657333
3.2680885e-11
0.011657333
3.4589465e-11
0.011657333
3.3089738e-11
0.011657333
3.1225418e-11
0.011657333
2.7339578e-11
0.011657333
2.2620704e-11
0.011657333
2.1510016e-11
0.011657334
1.2804018e-11
0.011657334
3.4804024e-11
0.011657334
-1.2078038e-12
0.011657333
1.3869881e-10
0.011657334
-1.037061e-10
0.011657333
6.1458352e-10
0.011657334
-9.233542e-10
0.011657332
2.422468e-09
0.011657337
-4.8240768e-09
0.011657328
8.9239395e-09
0.011657345
-1.6963647e-08
0.011657318
2.6876819e-08
0.011657354
-3.6460592e-08
0.011657299
5.5124215e-08
0.011657311
-1.1374398e-08
0.01165727
4.0494507e-08
0.011657036
2.3470026e-07
0.011657052
-1.5918627e-08
0.011656379
6.7287577e-07
0.011655888
4.9080937e-07
0.011655016
8.7148535e-07
1.6755551e-06
0.010095403
-0.00016123706
0.010342098
-0.00044319703
0.010636853
-0.00056279722
0.010914142
-0.00055295738
0.011154212
-0.00049124956
0.011339494
-0.00039254129
0.011463574
-0.00027687014
0.011537887
-0.000176182
0.011579357
-0.00010470882
0.011600964
-5.8713356e-05
0.011611084
-3.0545396e-05
0.011615092
-1.4411487e-05
0.01161623
-5.9758784e-06
0.011616234
-2.003188e-06
0.011615878
-3.0925586e-07
0.0116155
2.7509882e-07
0.01161519
4.0541903e-07
0.011614976
3.5185684e-07
0.011614838
2.5773316e-07
0.011614753
1.7213133e-07
0.011614703
1.0863249e-07
0.011614674
6.5863916e-08
0.011614658
3.8656802e-08
0.011614649
2.2108589e-08
0.011614644
1.2368916e-08
0.011614641
6.7905524e-09
0.01161464
3.6819767e-09
0.01161464
1.9849874e-09
0.011614639
1.0803435e-09
0.011614639
6.0401916e-10
0.011614639
3.5501828e-10
0.011614639
2.2370818e-10
0.011614639
1.4878273e-10
0.011614639
1.0582596e-10
0.01161464
7.7761648e-11
0.01161464
5.8229274e-11
0.01161464
4.3847154e-11
0.01161464
3.3634201e-11
0.01161464
2.7272731e-11
0.01161464
2.2574783e-11
0.01161464
1.9315e-11
0.01161464
1.7620684e-11
0.01161464
1.6734495e-11
0.01161464
1.6451982e-11
0.01161464
1.5070075e-11
0.01161464
1.4807849e-11
0.01161464
1.4080298e-11
0.01161464
1.3830681e-11
0.01161464
1.1968697e-11
0.01161464
1.1371734e-11
0.01161464
1.0271625e-11
0.01161464
9.8101219e-12
0.01161464
8.0784472e-12
0.01161464
7.2305904e-12
0.01161464
6.6292522e-12
0.01161464
6.1650559e-12
0.01161464
4.9499912e-12
0.01161464
4.7125958e-12
0.01161464
4.5701533e-12
0.01161464
4.827599e-12
0.01161464
4.4954199e-12
0.01161464
5.0318633e-12
0.01161464
5.9345895e-12
0.01161464
7.4019508e-12
0.01161464
7.8317775e-12
0.01161464
1.0356043e-11
0.01161464
1.1788997e-11
0.01161464
1.5113107e-11
0.01161464
1.6595473e-11
0.01161464
1.9380313e-11
0.01161464
2.158471e-11
0.01161464
2.3435459e-11
0.01161464
2.3501078e-11
0.01161464
2.2474742e-11
0.01161464
2.1162612e-11
0.01161464
1.8812794e-11
0.01161464
1.6367513e-11
0.01161464
1.7815966e-11
0.01161464
8.1072507e-12
0.01161464
4.9716939e-11
0.011614641
-3.7343299e-11
0.01161464
2.3580598e-10
0.011614641
-3.7529118e-10
0.01161464
1.1828273e-09
0.011614642
-2.4257831e-09
0.011614638
5.5288522e-09
0.011614645
-1.1847236e-08
0.011614632
2.2872343e-08
0.011614658
-4.3833974e-08
0.011614612
7.3351029e-08
0.011614687
-1.1193794e-07
0.011614592
1.5050921e-07
0.01161469
-1.0971458e-07
0.011614631
1.0017368e-07
0.011614451
4.1419465e-07
0.011614696
-2.6100406e-07
0.011613749
1.6203229e-06
0.011613688
5.5165854e-07
0.011612821
1.7377572e-06
3.9085296e-06
0.010190773
-0.00035201045
0.010525646
-0.0007780708
0.010817293
-0.00085444381
0.011044753
-0.00078041696
0.011214425
-0.00066092095
0.011317737
-0.0004958532
0.011363954
-0.00032308705
0.011377278
-0.00018950624
0.011376651
-0.0001040816
0.011371233
-5.329536e-05
0.011365071
-2.4383773e-05
0.011359984
-9.3241166e-06
0.011356382
-2.3738116e-06
0.011354194
1.8536821e-07
0.011352862
1.0226749e-06
0.011352129
1.008468e-06
0.011351753
7.8055386e-07
0.011351569
5.3655577e-07
0.011351482
3.4429463e-07
0.011351444
2.1013685e-07
0.011351429
1.2386014e-07
0.011351424
7.1066735e-08
0.011351423
3.9829126e-08
0.011351423
2.1858513e-08
0.011351424
1.1751788e-08
0.011351424
6.1998874e-09
0.011351425
3.2106294e-09
0.011351425
1.6385519e-09
0.011351425
8.2804642e-10
0.011351425
4.1940331e-10
0.011351426
2.1424696e-10
0.011351426
1.1096676e-10
0.011351426
5.5361956e-11
0.011351426
2.4678775e-11
0.011351426
6.2404362e-12
0.011351426
-7.6824906e-12
0.011351426
-1.5566418e-11
0.011351426
-2.1031184e-11
0.011351426
-2.3000511e-11
0.011351426
-2.4196455e-11
0.011351426
-2.2732175e-11
0.011351426
-2.0551411e-11
0.011351426
-1.7294571e-11
0.011351426
-1.5103401e-11
0.011351426
-1.2020342e-11
0.011351427
-9.0890144e-12
0.011351427
-6.7702036e-12
0.011351427
-4.996006e-12
0.011351427
-3.7194231e-12
0.011351427
-1.8386805e-12
0.011351427
-1.0588603e-12
0.011351427
-3.002447e-13
0.011351427
-2.284629e-13
0.011351427
8.9767322e-13
0.011351427
8.0439932e-13
0.011351427
1.1044033e-12
0.011351427
7.4041687e-13
0.011351427
1.6704192e-12
0.011351427
1.5468557e-12
0.011351427
1.8717881e-12
0.011351427
1.7449098e-12
0.011351427
3.0042732e-12
0.011351427
3.1522599e-12
0.011351427
4.12905e-12
0.011351427
4.3784904e-12
0.011351427
6.1176097e-12
0.011351427
6.5824013e-12
0.011351427
7.9872536e-12
0.011351427
8.0713972e-12
0.011351427
1.0186035e-11
0.011351427
9.8070247e-12
0.011351427
1.1010586e-11
0.011351427
9.7098757e-12
0.011351427
1.0966407e-11
0.011351427
1.0241992e-11
0.011351427
1.218393e-11
0.011351427
1.1573099e-11
0.011351427
2.133619e-11
0.011351427
7.0733725e-12
0.011351427
6.6401613e-11
0.011351427
-6.2004456e-11
0.011351427
3.0110374e-10
0.011351427
-6.2162865e-10
0.011351426
1.626953e-09
0.011351428
-3.8789074e-09
0.011351425
8.6022729e-09
0.011351432
-1.9214423e-08
0.011351416
3.9191221e-08
0.011351449
-7.6943219e-08
0.011351385
1.3774007e-07
0.011351501
-2.2804055e-07
0.011351332
3.1886059e-07
0.011351585
-3.622907e-07
0.01135145
2.3505322e-07
0.011351505
3.5969693e-07
0.011352101
-8.5729338e-07
0.011350839
2.8825849e-06
0.011351742
-3.521192e-07
0.011350641
2.8394093e-06
6.6179173e-06
0.010346013
-0.00069802454
0.010573855
-0.0010059134
0.010600888
-0.00088147635
0.010552247
-0.00073177516
0.010463222
-0.00057189477
0.010350307
-0.00038293798
0.010245141
-0.00021792126
0.010167211
-0.00011157693
0.010116611
-5.3481421e-05
0.010086179
-2.2863876e-05
0.01006915
-7.35429e-06
0.010060617
-7.9152469e-07
0.010056604
1.6392886e-06
0.010054933
1.857408e-06
0.01005447
1.4855671e-06
0.010054447
1.0311984e-06
0.010054568
6.5912662e-07
0.010054706
3.9922938e-07
0.010054817
2.3265747e-07
0.010054896
1.3155057e-07
0.010054947
7.2584215e-08
0.010054979
3.924491e-08
0.010054998
2.0828088e-08
0.010055009
1.0833715e-08
0.010055015
5.5073939e-09
0.010055019
2.7233452e-09
0.010055021
1.3002507e-09
0.010055022
5.9286103e-10
0.010055023
2.5376388e-10
0.010055023
9.6194243e-11
0.010055023
2.5189245e-11
0.010055023
-3.5503478e-12
0.010055023
-2.0034513e-11
0.010055023
-2.5998978e-11
0.010055023
-3.02771e-11
0.010055023
-3.2386904e-11
0.010055023
-3.3467972e-11
0.010055023
-3.3859143e-11
0.010055023
-3.3240072e-11
0.010055023
-3.1476258e-11
0.010055023
-2.8812812e-11
0.010055023
-2.604393e-11
0.010055023
-2.3266578e-11
0.010055023
-2.0085281e-11
0.010055023
-1.6911366e-11
0.010055024
-1.4206058e-11
0.010055024
-1.2103311e-11
0.010055024
-9.7267009e-12
0.010055024
-7.7812759e-12
0.010055024
-6.1043753e-12
0.010055024
-5.1489298e-12
0.010055024
-3.9756525e-12
0.010055024
-2.8600173e-12
0.010055024
-2.1290491e-12
0.010055024
-1.8733834e-12
0.010055024
-1.3712796e-12
0.010055024
-7.8269455e-13
0.010055024
-4.0802342e-13
0.010055024
-4.4762022e-13
0.010055024
-1.1427082e-13
0.010055024
3.4323126e-13
0.010055024
7.269667e-13
0.010055024
5.4143764e-13
0.010055024
8.956382e-13
0.010055024
1.2695708e-12
0.010055024
1.3807015e-12
0.010055024
1.0456871e-12
0.010055024
1.0279864e-12
0.010055024
9.9723591e-13
0.010055024
8.6964974e-13
0.010055024
6.7917704e-13
0.010055024
6.8927011e-15
0.010055024
1.0480485e-12
0.010055024
2.900404e-12
0.010055024
5.1832206e-12
0.010055024
9.7754757e-12
0.010055024
1.117195e-11
0.010055024
2.0753054e-11
0.010055024
1.2424793e-11
0.010055024
4.9158128e-11
0.010055024
-4.8415611e-11
0.010055024
1.9591604e-10
0.010055024
-5.3482445e-10
0.010055024
1.1728606e-09
0.010055023
-3.2210678e-09
0.010055025
7.1467919e-09
0.010055022
-1.6410881e-08
0.010055026
3.54363e-08
0.010055021
-7.1930248e-08
0.010055022
1.370115e-07
0.010055037
-2.4333126e-07
0.010054983
3.7281491e-07
0.010055139
-5.1866323e-07
0.010054939
4.3499407e-07
0.010055432
-1.3347174e-07
0.010055565
-9.9019469e-07
0.010055918
2.5296544e-06
0.010057686
-2.1195102e-06
0.010056003
4.5214581e-06
7.3341561e-06
0.0093019751
0.0082960617
0.0074145857
0.0066828109
0.0061109163
0.0057279784
0.0055100571
0.00539848
0.0053449985
0.0053221346
0.0053147804
0.0053139889
0.0053156283
0.0053174857
0.0053189713
0.0053200025
0.0053206617
0.0053210609
0.0053212935
0.0053214251
0.0053214977
0.005321537
0.0053215578
0.0053215686
0.0053215742
0.0053215769
0.0053215782
0.0053215788
0.0053215791
0.0053215791
0.0053215792
0.0053215792
0.0053215792
0.0053215791
0.0053215791
0.0053215791
0.005321579
0.005321579
0.005321579
0.0053215789
0.0053215789
0.0053215789
0.0053215789
0.0053215789
0.0053215788
0.0053215788
0.0053215788
0.0053215788
0.0053215788
0.0053215788
0.0053215788
0.0053215788
0.0053215788
0.0053215788
0.0053215788
0.0053215788
0.0053215788
0.0053215788
0.0053215788
0.0053215788
0.0053215788
0.0053215788
0.0053215788
0.0053215788
0.0053215788
0.0053215788
0.0053215788
0.0053215788
0.0053215788
0.0053215788
0.0053215788
0.0053215788
0.0053215788
0.0053215788
0.0053215788
0.0053215788
0.0053215788
0.0053215788
0.0053215789
0.0053215789
0.0053215789
0.005321579
0.0053215785
0.0053215796
0.0053215764
0.0053215836
0.0053215672
0.0053216027
0.0053215307
0.0053216677
0.0053214243
0.005321797
0.0053212784
0.0053217135
0.0053215801
0.0053205899
0.0053231195
0.0053209999
0.0053255213
)
;

boundaryField
{
    top
    {
        type            calculated;
        value           uniform 0;
    }
    inlet
    {
        type            calculated;
        value           nonuniform List<scalar> 10(-0.01 -0.01 -0.01 -0.01 -0.01 -0.01 -0.01 -0.01 -0.01 -0.01);
    }
    outlet
    {
        type            calculated;
        value           nonuniform List<scalar> 10(0.0053328554 0.010055287 0.011347931 0.011610588 0.01165334 0.01165334 0.011610588 0.011347931 0.010055287 0.0053328555);
    }
    bottom
    {
        type            calculated;
        value           uniform 0;
    }
    back
    {
        type            empty;
        value           nonuniform 0();
    }
    front
    {
        type            empty;
        value           nonuniform 0();
    }
}


// ************************************************************************* //
